13 190
13 24
13 327
13 586
13 587
13 76
13 464
13 588
13 249
13 199
13 202
13 384
13 401
13 204
13 480
13 508
13 420
13 12
13 387
13 589
13 46
17 20
17 50
17 91
17 63
17 207
17 597
17 624
17 74
17 130
17 253
17 97
17 174
19 400
19 226
19 222
19 187
19 121
19 540
19 545
19 217
19 639
19 2
19 313
23 272
23 87
23 371
23 230
23 93
23 263
23 471
25 53
25 206
25 112
25 54
25 126
25 68
25 121
25 409
25 115
25 520
25 249
25 13
25 553
25 641
25 257
25 235
25 278
25 97
25 20
25 245
25 60
25 58
25 313
25 136
25 83
25 299
25 133
25 7
25 330
25 184
25 396
25 261
25 401
25 309
25 105
25 111
25 667
25 10
25 473
25 406
25 583
25 263
25 290
25 246
25 27
25 491
25 9
25 34
25 668
25 228
25 134
25 50
25 244
25 281
25 6
25 8
25 303
25 78
25 65
25 370
25 418
25 74
25 117
25 474
25 333
25 128
25 96
30 226
30 666
30 183
30 84
30 679
30 310
30 158
30 121
30 680
30 13
30 586
30 167
30 54
30 43
30 420
32 669
32 48
32 174
32 31
32 40
32 54
32 511
32 208
32 253
32 28
32 167
32 662
32 455
32 101
32 74
32 600
32 58
32 53
43 593
43 746
43 144
43 78
43 82
43 180
43 625
43 7
43 218
43 388
43 457
43 127
43 656
43 291
43 220
43 611
43 586
43 317
43 543
43 350
43 273
43 39
43 576
43 618
43 310
43 747
43 125
43 662
43 464
43 222
43 394
43 454
43 406
43 474
43 190
43 385
43 560
43 462
43 301
43 217
43 149
43 641
43 223
43 547
43 311
43 117
43 162
43 709
43 368
43 748
43 375
43 128
43 749
43 85
43 372
43 174
43 498
43 371
43 123
43 305
43 561
43 437
43 486
43 426
43 6
43 750
43 520
43 112
43 233
43 126
43 728
43 298
43 52
43 740
43 523
44 552
44 115
44 86
44 96
44 378
44 112
44 27
46 755
46 64
46 20
46 53
46 684
46 74
46 595
46 418
46 58
46 130
46 538
46 49
46 572
46 575
57 189
57 65
57 84
57 78
57 734
57 712
57 500
57 371
57 207
57 171
57 134
57 181
57 74
57 28
57 743
57 130
57 767
57 112
57 57
57 196
57 162
57 476
57 698
57 5
57 664
57 48
57 193
57 572
57 55
57 53
57 662
57 413
57 172
57 313
57 106
57 311
57 208
57 121
57 341
57 99
57 656
57 728
57 776
57 553
57 81
57 58
57 716
57 50
57 54
57 777
57 6
58 52
58 778
58 132
58 134
58 483
58 130
58 101
58 55
58 180
58 629
58 190
58 66
58 253
58 106
58 779
58 112
58 28
58 313
58 203
58 61
58 181
58 40
58 492
58 406
58 780
58 78
58 56
58 184
58 430
58 5
58 677
58 109
58 115
58 454
58 315
58 54
58 603
58 58
58 272
58 91
58 630
58 71
58 440
58 105
58 781
58 244
58 159
58 96
58 76
58 211
58 357
58 224
58 300
58 188
58 187
58 501
58 156
58 85
58 21
58 157
58 473
58 782
58 669
58 97
58 309
58 64
58 123
58 275
58 68
58 258
58 414
58 43
58 401
58 9
58 307
58 384
58 760
58 783
58 125
58 136
58 222
58 167
58 162
58 784
58 63
58 50
58 13
58 8
58 144
58 14
58 785
58 102
58 74
58 366
58 60
70 421
70 348
70 281
70 117
70 125
70 58
70 220
70 2
70 111
70 150
70 573
70 96
70 303
70 115
70 455
70 793
70 371
70 29
70 67
70 47
70 136
70 51
70 245
70 286
70 16
70 17
70 275
70 420
70 92
70 10
70 53
70 311
70 388
70 272
70 241
70 313
70 188
70 519
70 167
70 350
70 70
70 27
70 77
70 116
70 126
70 129
70 364
70 134
70 84
70 351
70 358
70 291
70 43
70 13
70 244
70 523
70 149
70 295
70 112
70 321
70 401
70 682
70 54
70 65
70 50
70 85
71 204
71 14
71 603
71 36
71 43
71 5
71 21
71 51
71 206
71 70
71 222
71 9
75 6
75 671
75 311
75 465
75 253
75 548
75 210
75 23
75 63
75 753
75 839
75 130
75 547
75 37
75 20
75 177
75 284
75 743
75 166
75 15
75 715
75 553
75 7
75 299
75 244
75 50
75 32
75 162
75 451
75 662
75 83
75 68
75 14
75 840
75 804
75 511
75 65
75 656
75 112
75 530
77 268
77 453
77 309
77 105
77 60
77 70
77 34
77 257
77 344
77 222
77 416
77 96
77 58
77 13
77 256
77 82
77 47
77 272
77 458
77 14
77 101
77 157
77 443
77 40
77 21
77 50
77 131
77 134
77 84
77 304
77 303
77 61
77 57
77 9
77 8
77 112
77 27
77 106
83 450
83 642
83 644
83 512
83 716
83 729
83 530
83 853
83 736
85 519
85 276
85 862
85 588
85 166
85 392
85 472
85 167
94 558
94 241
94 13
94 132
94 66
94 265
94 251
94 16
94 65
94 98
94 144
94 320
94 84
94 177
94 5
94 381
94 571
94 272
94 50
94 371
94 130
94 802
94 100
94 825
94 123
94 492
94 21
94 43
94 73
94 836
94 34
94 313
94 74
94 131
94 211
94 526
94 288
94 37
94 253
94 416
94 264
94 42
94 254
94 519
94 603
94 41
94 157
94 230
94 134
94 72
94 18
94 430
94 449
94 125
94 99
94 226
94 106
94 53
94 822
94 342
94 303
94 87
94 85
94 220
94 623
94 325
94 309
94 366
94 64
94 8
94 793
94 56
96 61
96 141
96 718
96 261
96 222
96 93
96 304
96 313
96 268
96 357
96 5
96 130
96 95
96 309
96 272
96 50
96 917
96 58
96 34
96 918
96 17
96 65
96 146
96 96
96 16
96 42
96 13
96 74
96 105
96 193
96 53
96 107
96 60
96 37
96 9
96 581
96 56
96 14
96 47
96 64
96 52
96 27
96 111
96 319
96 300
96 32
96 100
96 220
97 115
97 112
97 397
97 47
97 286
97 9
97 58
97 142
97 74
97 226
97 84
97 225
97 401
97 70
97 368
97 230
97 387
97 65
97 228
97 13
97 159
97 316
97 206
97 2
97 245
97 50
97 597
97 43
97 78
97 116
97 27
97 17
97 21
97 72
97 244
97 222
97 419
97 117
97 236
97 384
97 105
97 34
97 136
97 420
97 85
97 92
97 126
97 220
99 65
99 716
99 388
99 58
99 641
99 53
99 696
99 284
99 70
99 78
99 511
99 413
99 144
99 800
99 204
99 121
99 32
99 211
99 74
99 14
99 919
99 181
99 738
99 612
99 920
99 130
99 420
99 123
99 208
99 394
99 600
99 192
99 572
99 450
99 5
99 331
99 573
99 921
99 899
99 586
99 418
99 253
99 41
99 188
99 341
99 662
99 60
99 845
99 656
99 664
99 528
99 601
99 922
99 134
99 125
99 167
99 751
99 414
99 804
99 85
99 566
99 9
99 207
99 513
99 13
99 734
99 569
106 22
106 182
106 925
106 184
106 651
106 132
112 191
112 460
112 508
112 894
112 452
112 188
112 498
112 524
112 165
112 361
112 183
112 689
112 545
112 606
112 573
112 476
112 187
112 167
112 475
112 192
112 516
119 527
119 167
119 735
119 476
119 454
119 346
119 162
119 157
119 751
119 241
119 519
119 882
119 101
119 187
119 242
119 728
119 528
119 469
119 943
119 452
119 515
119 68
119 166
119 314
119 451
119 203
119 63
119 276
119 676
119 208
119 78
119 586
119 32
119 210
119 341
119 827
127 118
127 207
127 378
127 86
127 188
127 645
127 572
127 552
127 208
127 431
127 112
127 219
127 210
127 682
127 948
127 115
127 121
127 129
127 58
130 204
130 538
130 167
130 973
130 672
130 586
130 679
130 202
130 502
130 573
131 624
131 974
131 130
131 508
131 728
131 167
131 50
131 24
131 80
131 183
131 185
131 182
131 76
131 174
131 69
131 158
131 64
131 97
131 132
131 500
131 632
131 164
131 279
141 121
141 298
141 418
141 500
141 112
141 548
141 830
141 58
141 795
141 181
141 979
141 341
141 413
141 767
141 656
141 172
141 640
141 642
141 746
141 284
141 894
141 62
141 171
141 593
141 6
141 651
141 74
141 957
141 167
141 543
141 455
141 871
141 751
141 180
141 183
141 644
141 31
141 624
141 68
141 980
141 612
141 899
141 734
141 696
141 981
141 130
141 503
141 777
141 81
141 465
141 179
141 982
141 712
141 715
141 641
141 611
141 207
141 53
141 528
145 58
145 586
145 56
145 508
145 341
145 204
145 129
145 573
145 392
145 167
145 722
145 43
145 86
145 112
145 187
145 210
145 115
147 878
147 163
147 538
147 121
147 690
147 97
147 203
147 516
147 588
147 167
147 540
147 189
147 508
147 166
147 686
147 183
147 185
152 546
152 678
152 614
152 179
152 867
152 127
152 849
152 1004
152 1005
152 462
152 594
152 638
152 149
152 664
152 350
159 48
159 321
159 207
159 17
159 703
159 913
159 190
168 20
168 611
168 298
168 172
168 373
168 882
168 712
168 716
168 121
168 68
168 656
168 54
168 171
168 130
168 112
168 81
168 1013
168 641
168 418
168 6
168 624
168 207
168 503
168 702
168 669
168 584
168 167
168 662
168 188
168 500
168 50
168 543
168 177
168 53
168 728
168 730
170 163
170 476
170 475
170 1012
170 894
170 188
176 648
176 212
176 121
176 190
176 538
176 31
176 130
176 83
176 601
176 669
176 697
176 508
176 58
176 30
176 160
176 202
176 162
176 40
176 20
176 253
176 192
176 112
176 551
176 196
176 455
176 656
176 761
176 74
176 91
176 575
176 49
176 101
176 175
176 604
176 203
176 182
176 779
176 588
176 177
178 669
178 125
178 141
178 167
178 118
178 40
178 98
178 101
182 530
182 341
182 71
182 162
182 624
182 53
182 58
182 373
182 50
182 81
198 121
198 74
198 43
198 416
198 38
198 414
198 857
198 299
198 275
198 496
198 206
198 211
198 387
198 325
198 34
198 421
198 482
198 85
198 193
198 92
198 430
198 51
198 96
198 254
198 56
198 303
198 131
198 27
198 13
198 291
198 372
198 146
198 42
198 935
198 134
198 388
198 829
198 385
198 70
198 125
198 243
198 50
198 14
198 9
198 72
198 107
198 116
198 401
198 319
198 985
198 222
198 900
198 420
198 218
198 5
198 278
198 10
198 64
198 310
198 58
198 369
198 53
198 253
198 329
198 309
198 47
198 63
198 615
198 20
198 17
198 18
198 225
198 60
199 152
199 101
199 121
199 569
199 158
199 174
199 182
199 183
199 253
199 511
199 473
199 49
199 74
199 167
199 132
199 24
199 244
199 97
200 718
200 193
200 17
200 415
200 211
200 680
200 371
200 249
200 127
200 382
200 394
200 86
200 120
200 111
200 1038
200 118
200 72
200 344
200 183
200 264
200 461
200 206
200 523
200 117
200 231
200 110
200 353
200 207
200 537
200 971
200 81
200 134
200 167
200 13
200 748
200 126
200 774
200 366
200 32
200 1039
200 227
200 741
200 555
200 872
200 27
200 313
200 385
200 323
200 1036
200 115
200 125
200 901
200 58
200 427
200 71
200 230
200 43
200 1040
200 149
200 14
200 742
200 324
200 375
200 350
200 591
200 281
200 147
200 364
200 325
200 386
200 259
200 584
200 321
200 1041
200 171
200 420
200 136
200 87
200 335
200 84
200 527
200 416
200 47
200 105
200 735
200 9
200 408
200 658
200 44
200 733
200 291
200 967
200 303
200 406
200 377
200 1042
200 548
200 220
200 396
200 311
200 39
200 92
200 272
200 116
200 223
200 93
200 254
200 307
200 238
200 219
200 428
200 2
200 77
200 301
200 100
200 704
200 65
200 951
200 318
200 1043
200 552
200 129
200 132
200 544
200 378
200 85
200 96
200 1044
200 485
200 78
200 208
200 387
200 41
200 365
200 369
200 256
201 646
201 1045
201 1046
201 144
201 453
201 985
201 65
201 51
201 653
201 167
201 662
201 337
201 253
201 34
201 414
201 158
201 400
201 625
201 278
201 688
201 258
201 9
201 146
201 283
201 184
201 91
201 37
201 206
201 210
201 174
201 369
201 479
201 880
201 78
201 286
201 182
201 212
201 203
201 373
201 639
201 139
201 61
201 96
201 185
201 397
201 58
201 14
201 191
201 617
201 857
201 197
201 478
201 401
201 130
201 102
201 783
201 325
201 226
201 119
201 208
201 100
201 637
201 1047
201 86
201 117
201 885
201 937
201 634
201 1048
201 211
201 371
201 220
201 428
201 154
201 784
201 72
201 244
201 910
201 271
201 434
201 3
201 604
201 416
201 106
201 107
201 85
201 64
201 193
201 461
201 240
201 250
201 1049
201 1050
201 32
201 204
201 16
201 128
201 63
201 858
201 108
201 36
201 1
201 887
201 319
201 259
201 27
201 59
201 1051
201 787
201 17
201 52
201 556
201 19
201 103
201 49
201 90
201 8
201 147
201 101
201 737
201 1052
201 463
201 56
201 276
201 782
201 123
201 261
201 384
201 558
201 458
201 73
201 823
201 902
201 511
201 110
201 827
201 181
216 823
216 56
216 167
216 107
216 586
222 508
222 904
222 167
222 208
222 672
226 158
226 14
226 251
226 160
226 278
226 74
226 136
226 24
226 132
226 84
226 241
226 9
226 91
226 121
226 31
226 662
226 68
226 13
226 511
226 303
226 244
226 35
226 96
226 507
226 55
226 72
226 420
226 780
226 47
226 144
226 254
226 183
226 123
226 416
240 167
240 686
240 166
240 208
240 460
240 190
240 476
240 97
240 158
240 203
240 361
240 672
240 183
240 185
246 458
246 597
246 382
246 1058
246 492
246 44
246 970
246 26
246 6
246 9
246 759
246 55
246 406
246 130
246 659
246 355
246 786
246 50
246 371
246 672
246 1083
246 30
246 756
246 485
246 388
246 197
246 20
246 519
246 73
246 96
246 111
246 31
246 391
246 501
246 217
246 253
246 653
246 60
246 674
246 123
246 126
246 496
246 241
246 941
246 18
246 134
246 146
246 208
246 646
246 116
246 495
246 211
246 140
246 53
246 85
246 803
246 16
246 102
246 638
246 860
246 86
246 374
246 54
246 414
246 58
246 522
246 224
246 21
246 553
246 810
248 100
248 349
248 656
248 253
248 64
248 53
248 130
248 73
248 48
248 27
248 146
248 259
248 10
248 211
248 212
248 17
248 70
248 650
248 99
248 662
248 7
248 96
248 58
248 5
248 47
248 61
248 85
248 9
248 682
251 130
251 703
251 52
251 55
251 6
251 58
251 116
251 112
251 27
251 181
251 282
251 370
251 123
251 85
251 48
251 81
251 455
251 437
251 299
251 172
251 53
251 208
251 669
251 41
251 5
251 451
251 387
251 167
251 20
251 656
251 767
251 171
251 641
251 184
251 66
251 28
251 125
251 188
251 12
251 728
251 418
251 65
251 50
251 16
251 278
251 2
251 68
258 644
258 167
258 187
258 178
258 573
258 1096
258 572
258 516
258 190
258 515
258 183
258 207
258 649
258 188
264 319
264 780
264 1058
264 401
264 233
264 342
264 253
264 229
264 1084
264 354
264 198
264 296
264 440
264 126
264 14
264 558
264 323
264 646
264 483
264 68
264 400
264 222
264 173
264 526
264 107
264 70
264 218
264 27
264 510
264 125
264 238
264 224
264 106
264 588
264 123
264 472
264 321
264 781
264 480
264 60
264 129
264 21
264 430
264 416
264 405
264 601
264 78
264 59
264 426
264 112
264 789
264 97
264 807
264 99
264 26
264 208
264 1081
264 80
264 300
264 71
264 16
264 217
264 24
264 2
264 625
264 357
264 906
264 784
264 764
264 463
264 56
264 249
264 384
264 473
264 130
264 255
264 339
264 74
264 49
264 34
264 566
264 458
264 3
264 10
264 9
264 15
264 369
264 355
264 91
264 184
264 228
264 100
264 247
264 134
264 157
271 116
271 204
271 57
271 318
271 42
271 464
271 286
271 508
271 162
271 300
271 211
271 217
271 41
271 313
271 58
271 158
271 51
271 72
271 85
271 251
271 78
271 315
271 83
271 316
271 484
271 333
271 98
271 226
271 173
271 560
271 319
271 519
271 184
271 1042
271 28
271 507
271 35
271 95
271 82
271 59
271 288
271 611
271 786
271 394
271 193
271 124
271 404
271 396
271 500
271 591
271 453
271 292
271 5
271 77
271 181
271 408
271 460
271 617
271 398
271 228
271 111
271 233
271 296
271 220
271 293
271 447
271 290
271 92
271 32
271 261
271 372
271 123
271 329
271 63
271 416
271 350
271 256
271 9
271 457
271 104
271 64
271 183
271 294
271 54
271 968
271 419
271 327
271 282
271 43
271 414
271 100
271 486
271 97
271 206
271 254
271 149
271 182
271 170
271 287
271 99
271 65
271 303
271 274
271 146
271 283
271 280
271 317
271 37
271 400
271 262
271 134
271 384
271 353
271 420
271 257
271 263
271 549
271 634
271 307
271 2
271 275
271 185
271 823
271 60
271 126
271 125
271 289
271 528
271 167
271 122
271 489
271 76
271 67
271 516
271 278
271 558
271 474
271 430
271 385
271 144
271 368
271 132
271 276
271 407
271 311
271 520
271 130
271 53
271 107
271 225
271 633
271 13
271 299
271 586
271 522
271 271
271 387
271 259
271 10
271 84
271 136
276 202
276 190
276 171
276 573
276 299
276 1004
276 363
276 167
276 204
276 1011
276 97
276 677
279 1122
279 250
279 539
279 915
279 386
279 63
279 948
284 189
284 97
284 538
284 121
284 201
284 192
284 545
284 183
284 204
284 203
284 166
284 176
284 575
284 202
284 361
284 592
284 190
284 588
284 101
284 165
284 883
284 185
284 586
286 1139
286 452
286 1140
286 1141
286 190
286 347
286 1068
286 877
286 101
286 962
286 1097
286 691
286 690
286 995
286 498
286 1142
286 865
286 63
286 947
286 655
286 844
286 588
296 464
296 511
296 151
296 115
296 112
296 387
296 556
296 28
296 121
296 158
296 67
296 183
296 190
296 288
296 184
296 299
296 519
296 663
296 513
296 159
296 759
296 17
296 163
296 1023
296 829
296 430
296 168
296 451
296 9
296 170
296 60
296 293
296 85
296 24
296 508
296 268
296 41
296 342
296 603
296 14
296 298
296 253
296 76
296 633
296 78
296 728
296 6
296 286
296 180
296 416
296 66
296 101
296 8
296 501
296 47
296 97
296 226
296 72
296 274
296 54
296 206
296 73
296 632
296 146
296 175
296 130
296 418
296 419
296 65
296 256
296 251
296 165
296 57
296 264
296 181
296 69
296 259
296 52
296 842
296 171
296 1064
296 152
296 278
296 64
296 600
296 167
296 666
296 58
296 161
296 80
296 164
296 166
296 586
296 50
296 74
296 53
296 272
296 211
296 7
296 182
296 217
296 174
296 132
296 422
296 99
296 250
296 222
296 686
296 40
296 300
296 354
296 307
296 465
296 932
296 42
296 257
296 34
296 157
296 63
298 309
298 449
298 53
298 750
298 642
298 313
298 817
298 553
298 695
298 230
298 9
298 437
298 365
298 829
298 85
298 257
298 52
298 105
298 311
298 181
298 183
298 302
298 414
298 652
298 420
298 301
298 51
298 84
298 295
298 390
298 140
298 275
298 341
298 272
298 464
298 303
298 99
298 147
298 228
298 8
298 34
298 193
298 50
298 65
298 54
298 543
298 368
298 300
298 371
298 292
298 384
298 64
298 10
298 226
298 1043
298 41
298 353
298 350
298 523
298 70
298 491
298 268
298 217
298 220
298 126
298 256
298 149
298 32
298 180
298 92
298 111
298 385
298 281
298 539
298 116
298 261
298 125
298 475
298 329
298 57
298 13
298 58
298 6
298 299
298 408
298 78
298 132
298 206
298 42
298 171
298 286
304 181
304 210
304 455
304 894
304 184
304 207
304 167
304 188
304 987
304 664
304 298
311 230
311 9
311 132
311 407
311 546
311 144
311 519
311 223
311 85
311 251
311 84
311 574
311 818
311 294
311 406
311 388
311 290
311 53
311 118
311 396
311 233
311 258
311 740
311 194
311 41
311 240
311 353
311 364
311 268
311 286
311 474
311 656
311 187
311 341
311 78
311 250
311 318
311 121
311 117
311 140
311 13
311 329
311 479
311 344
311 184
311 371
311 57
311 335
311 572
311 386
311 303
311 415
311 721
311 288
311 42
311 266
311 39
311 437
311 325
311 394
311 259
311 728
311 116
311 618
311 808
311 305
311 417
311 92
311 50
311 27
311 145
311 200
311 81
311 100
311 602
311 749
311 264
311 319
311 128
311 47
311 418
311 256
311 126
311 917
311 586
311 58
311 626
311 8
311 289
311 70
311 739
311 105
311 494
311 617
311 894
311 301
311 709
311 111
311 193
311 278
311 2
311 176
311 107
311 272
311 174
311 365
311 188
311 520
311 87
311 64
311 385
311 6
311 96
311 508
311 638
311 32
311 317
311 220
311 342
311 261
311 206
311 414
311 123
311 313
311 72
311 447
311 560
311 461
311 115
311 282
311 99
311 274
311 737
311 291
311 404
311 425
311 429
311 380
311 975
311 348
311 104
311 800
311 120
311 207
311 134
311 542
311 913
311 257
311 51
311 243
311 454
311 5
311 372
311 522
311 171
311 149
311 138
311 742
311 14
311 401
311 352
311 269
311 874
311 350
311 262
311 280
311 33
311 60
311 735
311 368
311 357
311 537
311 125
311 1129
311 615
311 119
311 378
311 486
311 748
311 17
311 311
311 420
311 112
311 457
311 122
311 43
311 747
311 86
311 591
311 275
311 225
311 65
311 622
311 327
311 129
311 527
311 95
318 309
318 404
318 54
318 392
318 354
318 605
318 5
318 317
318 511
318 78
318 410
318 206
318 120
318 51
318 99
318 586
318 390
318 133
318 613
318 260
318 508
318 56
318 138
318 254
318 401
318 64
318 149
318 291
318 123
318 281
318 63
318 621
318 137
318 293
318 181
318 226
318 10
318 484
318 81
318 375
318 217
318 649
318 498
318 333
318 182
318 90
318 1163
318 479
318 823
318 636
318 420
318 258
318 241
318 398
318 732
318 704
318 171
318 318
318 600
318 407
318 13
318 278
318 116
318 669
318 147
318 625
318 233
318 72
318 179
318 303
318 166
318 97
318 591
318 193
318 223
318 416
318 196
318 851
318 125
318 611
318 804
318 560
318 1026
318 24
318 468
318 1002
318 130
318 313
318 98
318 242
318 111
318 107
318 310
318 286
318 474
318 184
318 686
318 531
318 842
318 8
318 522
318 42
318 207
318 126
318 220
318 536
318 739
318 321
318 482
318 604
318 523
318 68
318 350
318 203
320 656
320 87
320 207
320 2
320 180
320 928
320 44
320 364
320 106
320 125
320 503
320 224
320 31
320 211
320 1091
320 643
320 13
320 134
320 931
320 148
320 344
320 325
320 772
320 529
320 641
320 1171
320 114
320 990
320 71
320 735
320 368
320 377
320 130
320 110
320 591
320 474
320 154
320 74
320 876
320 738
320 388
320 672
320 451
320 662
320 41
320 39
320 219
320 854
320 61
320 58
320 26
320 331
320 423
320 664
320 721
320 335
320 741
320 345
320 661
320 138
320 208
320 65
320 406
320 1042
320 386
320 127
320 972
320 673
320 537
320 604
320 413
320 216
320 54
320 188
320 284
320 223
320 6
320 240
320 78
320 1061
320 298
320 773
320 47
320 1101
320 105
320 618
320 96
320 795
320 27
320 573
320 85
320 751
320 734
320 60
320 16
320 750
320 485
320 14
320 960
320 658
320 122
320 17
320 28
320 938
328 132
328 319
328 641
328 304
328 274
328 524
328 401
328 332
328 256
328 264
328 52
328 508
328 325
328 116
328 321
328 117
328 111
328 288
328 73
328 191
328 447
328 137
328 238
328 457
328 9
328 16
328 130
328 100
328 272
328 461
328 316
328 27
328 846
328 503
328 41
328 259
328 476
328 220
328 460
328 953
328 327
328 353
328 65
328 217
328 102
328 310
328 90
328 275
328 448
328 57
328 485
328 309
328 74
328 144
328 649
328 1132
328 127
328 84
328 486
328 233
328 449
328 123
328 85
328 349
328 10
328 402
328 357
328 39
328 64
328 662
328 251
328 462
328 656
328 520
328 183
328 454
328 586
328 192
328 451
328 36
328 104
328 408
328 474
328 53
328 634
328 206
328 500
328 98
328 47
328 59
328 740
328 531
328 193
328 282
328 147
328 185
328 452
328 623
328 333
328 5
328 420
328 202
328 6
328 257
328 184
328 414
328 181
328 58
328 17
328 188
328 301
328 14
328 121
328 407
328 767
328 428
328 226
328 96
328 42
340 85
340 226
340 50
340 662
340 78
340 826
340 437
340 111
340 10
340 329
340 53
340 353
340 394
340 220
340 13
340 301
340 371
340 273
340 618
340 385
340 57
340 149
340 58
340 282
340 134
340 816
340 523
340 298
340 138
340 81
340 77
340 308
340 278
340 724
340 32
340 318
344 261
344 176
344 899
344 173
344 511
344 21
344 78
344 314
344 32
344 68
344 419
344 321
344 406
344 489
344 586
344 162
344 66
344 105
344 123
344 224
344 132
344 115
344 85
344 65
344 859
344 258
344 96
344 165
344 275
344 126
344 27
344 112
344 596
344 273
344 206
344 74
344 791
344 190
344 63
344 154
344 607
344 262
344 2
344 328
344 20
344 184
344 24
344 125
344 107
344 76
344 47
344 13
344 146
344 518
344 479
344 426
344 144
344 471
344 400
344 296
344 128
344 280
344 97
344 77
344 136
344 9
344 177
344 249
344 178
344 287
344 58
344 80
344 371
344 519
344 244
344 813
344 600
344 292
344 5
344 246
344 569
344 134
344 185
345 414
345 426
345 394
345 149
345 67
345 13
345 20
345 182
345 634
345 134
345 511
345 69
345 85
345 107
345 164
345 51
345 261
345 167
345 172
345 449
345 321
345 152
345 586
345 238
345 49
345 173
345 180
345 372
345 40
345 638
345 130
345 110
345 185
345 560
345 612
345 5
345 626
345 116
345 166
345 122
345 591
345 97
345 662
345 81
345 83
345 9
345 178
345 796
345 791
345 734
345 190
345 428
345 624
345 526
345 32
345 406
345 656
345 95
345 211
345 790
345 14
345 789
345 162
345 523
345 102
345 277
345 233
345 218
345 127
345 483
345 401
345 380
345 455
345 937
345 58
345 318
345 630
345 133
345 224
345 65
345 100
345 568
345 425
345 632
345 420
345 400
345 179
345 293
345 974
345 263
345 18
345 132
345 175
345 165
345 121
345 257
345 181
345 72
345 641
345 78
345 787
345 101
345 538
345 24
345 453
345 76
345 36
345 786
345 500
345 141
345 63
345 575
345 666
345 485
345 93
345 28
345 319
345 60
345 307
345 128
345 123
345 936
345 250
345 454
345 147
345 385
345 193
345 125
345 91
345 53
346 689
346 345
346 331
346 658
346 475
346 52
346 223
346 951
352 496
352 56
352 107
352 17
352 53
352 100
352 333
352 27
352 406
352 47
352 130
352 105
352 85
352 58
352 154
352 223
352 123
352 185
352 61
352 52
352 14
352 33
352 128
352 96
352 9
352 65
352 13
362 475
362 121
362 498
362 208
362 185
362 502
362 452
362 476
362 515
362 167
362 188
362 202
362 689
374 633
374 708
374 841
374 303
374 208
374 92
380 292
380 116
380 1076
380 337
380 167
380 299
380 483
380 108
380 560
380 41
380 420
380 525
380 303
380 16
380 311
380 50
380 309
380 272
380 365
380 392
380 27
380 499
380 301
380 84
380 77
380 246
380 109
380 176
380 70
380 183
380 430
380 634
380 492
380 793
380 794
380 508
380 586
380 123
380 419
380 12
380 130
380 307
380 121
380 95
380 99
380 916
380 238
380 206
380 428
380 9
380 261
380 259
380 37
380 20
380 190
380 728
380 257
380 58
380 47
380 278
380 319
380 65
380 32
380 128
380 786
380 193
380 185
380 13
385 575
385 306
385 374
385 596
385 1189
385 59
385 592
385 155
395 85
395 422
395 13
395 415
395 924
395 5
395 450
395 181
395 125
395 199
395 9
395 192
395 54
395 748
395 318
395 682
395 53
395 368
395 32
395 131
395 47
395 385
395 58
395 50
395 130
395 10
395 220
395 183
395 64
395 25
395 259
395 508
395 193
395 121
396 1055
396 503
396 643
396 991
396 298
396 62
396 192
396 1092
396 50
396 894
396 641
396 475
396 171
396 112
396 413
396 132
396 181
396 341
396 6
396 696
396 656
396 548
396 543
396 210
396 957
396 644
397 74
397 23
397 140
397 152
397 27
397 333
397 261
397 464
397 77
397 13
397 267
397 342
397 272
397 409
397 371
397 41
397 64
397 61
397 43
397 253
397 34
397 51
397 226
397 220
397 443
397 59
397 57
397 459
397 556
397 8
397 85
397 102
397 653
397 53
397 257
397 125
397 58
397 313
397 193
397 10
397 455
397 56
397 278
397 147
397 478
397 268
397 206
397 287
397 528
397 285
397 123
397 248
400 188
400 672
400 196
400 189
400 509
400 644
400 208
400 183
400 166
400 121
400 97
400 682
400 167
404 97
404 572
404 207
404 167
404 192
404 676
404 121
404 591
404 640
404 188
404 515
404 160
404 185
404 41
404 187
404 361
404 347
404 138
404 190
404 1159
405 14
405 274
405 125
405 474
405 10
405 211
405 85
405 773
405 43
405 38
405 64
405 114
405 848
405 321
405 303
405 718
405 265
405 193
405 84
405 59
405 220
405 51
405 350
405 825
405 323
405 185
405 399
405 401
405 340
405 58
405 16
405 138
405 72
405 701
405 560
405 9
405 520
405 281
405 351
405 488
405 740
405 469
405 299
405 1123
405 414
405 623
405 1057
405 117
405 388
405 41
405 744
405 704
405 1038
405 1172
405 116
405 385
405 929
405 105
405 100
405 646
405 202
405 404
405 1003
405 224
405 817
405 78
405 34
405 369
405 92
405 313
405 732
405 278
405 123
405 622
405 523
405 499
405 60
405 907
405 354
405 542
405 449
405 134
405 324
405 461
405 126
405 5
405 852
405 231
405 854
405 208
405 2
405 3
405 406
405 1119
405 400
405 42
405 437
405 522
405 729
405 527
405 725
405 364
405 206
405 387
405 238
405 558
405 53
405 810
405 318
405 890
405 420
405 167
405 13
405 65
405 581
406 334
406 443
406 309
406 486
406 855
406 351
406 33
406 269
406 305
406 333
407 724
407 112
407 588
407 652
407 233
407 179
407 28
407 54
407 121
414 130
414 187
414 188
414 190
414 204
414 121
414 185
414 516
414 203
414 565
414 208
414 212
414 167
414 672
414 211
414 224
414 160
416 672
416 452
416 679
416 765
416 686
428 361
428 516
428 203
428 648
428 515
428 508
428 167
428 166
428 460
428 1218
428 191
428 596
428 689
428 1133
428 188
428 645
428 190
428 498
428 434
428 202
428 679
428 502
428 450
428 101
428 684
428 676
428 894
428 565
428 207
428 586
428 973
428 185
428 524
428 722
428 208
428 158
428 476
428 680
428 187
428 97
428 573
428 509
435 169
435 307
435 496
435 142
435 501
435 421
435 100
435 445
435 400
435 600
435 177
435 1
435 325
435 134
435 16
435 682
435 284
435 860
435 156
435 526
435 26
435 167
435 117
435 82
435 58
435 335
435 54
435 266
435 388
435 37
435 114
435 10
435 673
435 211
435 354
435 13
435 128
435 558
435 131
435 488
435 573
435 1030
435 21
435 319
435 576
435 735
435 207
435 90
435 732
435 469
435 660
435 32
435 339
435 1087
435 206
435 1184
435 120
435 55
435 507
435 781
435 223
435 217
435 568
435 193
435 237
435 282
435 321
435 823
435 34
435 70
435 560
435 224
435 115
435 123
435 57
435 701
435 27
435 40
435 47
435 371
435 241
435 96
435 454
435 413
435 132
435 86
435 38
435 658
435 1135
435 44
435 150
435 121
435 105
435 447
435 407
435 133
435 420
435 529
435 56
435 89
435 1048
435 61
435 572
435 85
435 31
435 646
435 74
435 782
435 42
435 1220
435 519
435 346
435 191
435 66
435 5
435 72
435 971
435 50
435 68
435 17
435 361
435 867
435 41
435 716
435 1102
435 503
435 311
435 52
435 1058
435 303
435 416
435 455
435 93
435 144
435 597
435 64
435 125
435 101
435 631
435 1084
435 343
435 14
435 53
435 741
435 324
435 99
435 210
435 662
435 2
435 749
435 48
435 208
435 73
435 15
435 332
435 65
435 136
435 373
435 87
435 641
435 126
435 9
435 228
435 458
435 483
435 664
450 891
450 573
450 538
450 178
450 586
450 592
452 376
452 6
452 696
452 270
452 1230
452 39
452 368
452 280
452 645
452 343
452 924
452 286
452 261
452 238
452 365
452 220
452 67
452 616
452 193
452 580
452 453
452 138
452 51
452 41
452 99
452 53
452 76
452 25
452 74
452 590
452 64
452 548
452 130
452 260
452 57
452 795
452 102
461 1149
461 167
461 202
461 182
461 189
461 132
461 121
461 195
472 452
472 746
472 831
472 832
472 235
472 967
472 1234
472 641
472 939
472 640
481 125
481 167
481 373
481 506
481 295
481 226
481 300
481 107
481 60
481 317
481 354
481 294
481 474
481 9
481 860
481 299
481 222
481 37
481 58
481 228
481 173
481 130
481 25
481 128
481 134
481 261
481 78
481 233
481 894
481 268
481 642
481 146
481 257
481 512
481 419
481 149
481 53
481 57
481 2
481 72
481 52
481 252
481 217
487 803
487 408
487 522
487 560
487 709
487 602
487 1
487 630
487 490
487 129
487 388
487 576
487 149
487 1241
487 404
487 190
487 1225
487 849
487 872
487 348
487 544
487 376
487 350
487 964
487 1111
493 180
493 568
493 420
493 573
493 109
493 642
493 344
493 6
493 117
493 130
493 689
493 17
493 125
493 501
493 251
493 413
493 31
493 21
493 65
493 264
493 303
493 965
493 195
493 496
493 111
493 664
493 9
493 193
493 85
493 72
493 142
493 96
493 91
493 77
493 58
493 121
493 177
493 14
493 108
493 53
493 656
493 67
493 235
493 272
493 36
493 156
493 41
493 157
493 32
493 478
493 351
493 206
493 301
493 696
493 284
493 325
493 454
493 27
493 133
493 345
493 328
493 458
493 644
493 208
493 188
493 192
493 70
493 56
493 134
493 241
493 131
493 543
493 100
493 54
493 450
493 716
493 658
493 78
493 68
493 55
493 10
493 47
493 126
493 226
493 298
493 475
493 48
499 275
499 202
499 300
499 385
499 641
499 246
499 299
499 508
499 79
499 27
499 96
499 266
499 414
499 141
499 2
499 193
499 1006
499 786
499 313
499 333
499 420
499 296
499 474
499 64
499 190
499 206
499 272
499 116
499 99
499 274
499 368
499 361
499 268
499 123
499 146
499 167
499 309
499 92
499 72
499 222
499 292
499 419
499 565
499 54
499 303
499 371
499 126
499 46
499 387
499 134
499 255
499 9
499 686
499 75
499 73
499 353
499 506
499 130
499 328
499 14
500 669
500 892
500 628
500 250
500 473
500 806
500 102
500 423
500 782
500 50
500 287
500 285
500 540
500 107
500 661
500 21
500 805
500 174
500 14
500 148
500 47
500 233
500 257
500 126
500 416
500 728
500 1223
500 106
500 33
500 761
500 247
500 32
500 15
500 121
500 904
500 520
500 526
500 109
500 40
500 368
500 479
500 149
500 425
500 662
500 764
500 822
500 66
500 253
500 43
500 300
500 31
500 101
500 9
500 459
500 323
500 448
500 261
500 483
500 120
500 884
500 254
500 108
500 1245
500 313
500 2
500 341
500 421
500 171
500 130
500 842
500 132
500 60
500 568
500 420
500 188
500 522
500 861
500 27
500 12
500 956
500 656
500 238
500 447
500 272
500 143
500 428
500 172
500 888
500 74
500 712
500 8
500 70
500 460
500 95
500 307
500 492
500 117
500 1020
500 1084
500 457
500 576
500 83
500 49
500 762
502 450
502 658
502 475
502 199
502 672
502 976
502 208
502 210
502 682
502 167
502 192
502 644
502 683
502 361
503 167
503 40
503 28
503 182
503 101
503 202
506 112
506 345
506 335
506 121
506 975
506 872
506 125
506 39
506 192
506 42
506 427
506 407
506 85
508 60
508 522
508 85
508 325
508 406
508 102
508 91
508 83
508 302
508 237
508 157
508 238
508 50
508 107
508 243
508 134
508 20
508 251
508 276
508 96
508 449
508 264
508 34
508 309
508 16
508 70
508 131
508 220
508 116
508 233
508 72
508 275
508 206
508 82
508 856
508 319
508 97
508 100
508 93
508 193
508 920
508 126
508 125
508 416
508 469
508 506
508 300
508 482
508 318
508 27
508 21
508 303
508 115
508 58
508 13
508 401
513 656
513 548
513 413
513 111
513 53
513 64
513 543
513 112
513 644
513 58
513 642
513 451
513 1055
513 125
513 591
513 226
513 54
513 121
513 6
514 185
514 97
514 508
514 520
514 676
514 501
514 842
514 447
514 190
514 111
514 101
514 786
519 169
519 694
519 655
519 573
519 204
520 586
520 173
520 97
520 460
520 188
520 68
520 158
520 183
520 686
520 130
520 516
520 187
520 685
521 416
521 61
521 222
521 127
521 354
521 115
521 96
521 134
521 1058
521 110
521 681
521 89
521 656
521 211
521 121
521 101
521 496
521 58
521 41
521 344
521 14
521 72
521 70
521 401
521 43
521 26
521 664
521 17
521 55
521 10
521 123
521 335
521 112
521 40
521 48
521 751
521 64
521 661
521 105
521 388
521 44
521 65
521 13
521 133
521 53
521 78
521 325
521 106
523 7
523 218
523 222
523 574
523 131
523 296
523 158
523 350
523 519
523 408
523 1239
523 148
523 58
523 681
523 558
523 764
523 900
523 482
523 46
523 848
523 217
523 489
523 300
523 126
523 97
523 182
523 460
523 542
523 53
523 132
523 138
523 245
523 313
523 120
523 78
523 536
523 25
523 99
523 613
523 68
523 874
523 254
523 473
523 611
523 312
523 393
523 50
523 233
523 176
523 428
523 166
523 419
523 228
523 125
523 888
523 725
523 703
523 77
523 734
523 1007
523 551
523 321
523 24
523 890
523 121
523 560
523 701
523 179
523 51
523 368
523 446
523 54
523 580
523 230
523 471
523 244
523 2
523 136
523 711
523 1025
523 310
523 462
523 70
523 1084
523 258
523 226
523 825
524 353
524 47
524 372
524 56
524 732
524 146
524 100
524 615
524 261
524 220
524 42
524 272
524 789
524 92
524 416
524 792
524 64
524 303
524 265
524 276
524 57
524 16
524 39
524 772
524 503
524 489
524 447
524 258
524 686
524 119
524 617
524 381
524 460
524 309
524 468
524 59
524 72
524 383
524 183
524 251
524 292
524 130
524 397
524 368
524 250
524 278
524 454
524 280
524 296
524 237
524 166
524 226
524 124
524 728
524 342
524 861
524 82
524 36
524 406
524 51
524 894
524 380
524 1023
524 388
524 120
524 971
524 238
524 491
524 573
524 154
524 65
524 540
524 403
524 411
524 483
524 189
524 267
524 162
524 98
524 543
524 627
524 440
524 157
524 76
524 672
524 268
524 619
524 275
524 286
524 217
524 60
524 159
524 369
524 58
524 408
524 247
524 413
524 426
524 472
524 430
524 808
524 257
524 484
524 116
524 511
524 107
524 532
524 478
524 269
524 127
524 786
524 1156
524 134
524 233
524 271
524 537
524 256
524 787
524 24
524 274
524 95
524 33
524 624
524 1147
524 400
524 259
524 178
524 117
524 479
524 144
524 556
524 804
524 99
524 487
524 34
524 17
524 420
524 126
524 187
524 290
524 97
524 331
524 185
524 473
524 414
524 445
524 224
524 300
524 152
524 558
524 153
524 264
524 270
524 83
524 333
524 759
524 263
524 14
524 147
524 289
524 12
524 13
524 8
524 341
524 19
524 788
524 327
524 111
524 304
524 193
524 260
526 74
526 97
526 586
526 751
526 612
526 244
526 609
526 50
526 175
526 760
526 58
526 508
526 253
526 208
526 511
526 174
526 130
526 185
526 28
526 182
526 64
526 53
526 728
526 455
526 190
526 167
526 528
528 133
528 147
528 92
528 261
528 333
528 117
528 58
528 99
528 13
528 256
528 409
528 140
528 125
528 16
528 294
528 134
528 519
528 447
528 329
528 2
528 65
528 258
530 303
530 830
530 61
530 605
530 474
530 192
530 894
530 58
530 140
530 233
530 85
530 206
530 12
530 72
530 27
530 428
530 5
530 262
530 593
530 9
530 78
530 130
530 32
530 179
530 13
530 238
530 887
532 588
532 508
532 163
532 204
532 686
532 172
532 190
532 936
532 167
532 42
532 202
533 298
533 121
533 112
533 68
533 167
533 862
533 158
537 144
537 295
537 253
537 8
537 766
537 647
537 193
537 233
537 147
537 316
537 270
537 634
537 121
537 63
537 79
537 74
537 42
537 167
537 353
537 317
537 83
537 182
537 416
537 440
537 266
537 325
537 72
537 254
537 362
537 184
537 92
537 206
537 98
537 410
537 305
537 56
537 597
537 320
537 34
537 101
537 299
537 517
537 630
537 292
537 157
537 70
537 43
537 261
537 484
537 57
537 3
537 519
537 692
537 58
537 332
537 628
537 489
537 575
537 224
537 271
537 781
537 140
537 251
537 855
537 60
537 483
537 278
537 24
537 64
537 309
537 822
537 258
537 315
537 67
537 626
537 471
537 190
537 887
537 130
537 275
537 249
537 538
537 328
537 486
537 21
537 443
537 16
537 76
537 37
537 268
537 617
537 109
537 308
537 511
537 225
537 247
537 173
537 267
537 259
537 10
537 202
537 51
537 478
537 344
537 540
537 174
537 47
537 217
537 185
537 286
537 280
537 263
537 612
537 300
537 272
537 14
537 384
537 787
537 203
537 134
537 453
537 80
537 289
537 126
537 311
537 586
537 165
537 588
537 303
537 128
537 59
541 736
541 84
541 125
541 324
541 729
541 372
541 486
541 50
541 365
541 298
541 133
541 281
541 523
541 750
541 112
541 373
541 53
541 32
541 54
541 385
541 702
541 553
541 313
541 543
541 414
541 230
541 219
541 58
541 605
541 100
541 636
541 13
541 1034
541 739
541 371
541 726
541 252
541 745
541 70
541 742
541 760
541 93
541 437
541 816
541 557
541 301
541 329
541 721
541 275
541 351
541 138
541 354
541 375
541 618
541 65
541 318
541 299
541 111
541 850
541 309
541 740
541 401
541 364
541 85
541 291
541 78
541 652
541 640
541 519
541 114
541 189
541 924
541 483
541 77
541 134
541 607
541 1205
541 855
541 121
541 737
544 183
544 509
544 167
544 188
544 204
544 185
544 163
545 116
545 735
545 282
545 420
545 351
545 591
545 43
545 32
545 447
545 971
545 667
545 220
545 84
545 353
546 941
546 792
546 216
546 543
546 9
546 208
546 204
546 237
546 1105
546 14
546 448
546 981
546 777
546 202
546 112
546 1069
546 16
546 74
546 423
546 894
546 31
546 1093
546 100
546 1101
546 771
546 1244
546 363
546 53
546 686
546 1258
546 121
546 319
546 58
546 412
546 744
546 646
546 55
546 1037
546 680
546 674
546 210
546 6
546 30
561 34
561 74
561 682
561 428
561 250
561 306
561 764
561 217
561 1177
561 453
561 292
561 308
561 131
561 604
561 1260
561 782
561 204
561 316
561 314
561 237
561 1084
561 159
561 218
561 95
561 185
561 9
561 43
561 49
561 177
561 182
561 416
561 130
561 282
561 82
561 1076
561 3
561 13
561 325
561 1178
561 123
561 102
561 781
561 492
561 251
561 469
561 21
561 1208
561 230
561 333
561 27
561 634
561 238
561 90
561 887
561 263
561 93
561 67
561 256
561 463
561 588
561 103
561 70
561 174
561 144
561 32
561 501
561 838
561 14
561 390
561 299
561 280
561 278
561 268
561 473
561 183
561 225
561 309
561 157
561 319
561 858
561 233
561 128
561 275
561 60
561 261
561 784
561 156
561 272
561 134
561 384
561 99
561 937
561 506
561 297
561 629
561 140
561 61
561 409
561 295
561 270
561 211
561 249
561 757
561 96
561 300
561 16
561 367
561 248
561 47
561 73
561 132
561 477
561 51
561 57
561 294
561 459
573 99
573 59
573 64
573 316
573 299
573 217
573 249
573 420
573 278
573 248
573 422
573 137
573 184
573 507
573 261
573 140
573 52
573 332
573 13
573 173
573 267
573 58
573 333
573 56
573 295
573 121
573 202
573 41
573 251
573 90
573 107
573 416
573 430
573 43
573 304
573 181
573 8
573 256
573 264
580 795
580 643
580 658
580 207
580 71
580 53
580 460
580 642
580 235
580 31
580 48
580 121
580 769
580 682
580 210
580 611
580 183
580 58
580 6
580 171
580 208
580 148
580 54
584 7
584 121
584 85
584 242
584 167
584 55
584 220
584 39
584 129
584 48
584 86
584 112
584 115
584 53
584 58
586 33
586 323
586 42
586 13
586 871
586 388
586 335
586 485
586 125
586 39
586 61
586 319
586 240
586 52
586 658
586 110
586 544
586 447
586 412
586 870
586 181
586 177
586 1
586 53
586 2
586 231
586 1027
586 989
586 265
586 119
586 122
586 662
586 64
586 420
586 539
586 385
586 6
586 401
586 321
586 345
586 105
586 17
586 85
586 27
586 208
586 148
586 543
586 529
586 421
586 58
586 111
586 907
586 656
586 678
586 216
586 363
586 127
586 404
586 664
586 14
586 65
586 571
586 701
586 623
586 44
592 202
592 538
592 204
592 681
592 586
592 502
593 85
593 519
593 92
593 406
593 747
593 523
593 223
593 522
593 350
604 100
604 397
604 423
604 67
604 622
604 339
604 64
604 440
604 130
604 74
604 674
604 369
607 262
607 287
607 22
607 128
607 264
607 549
607 251
607 66
607 257
607 253
607 275
607 272
607 806
607 309
607 258
607 178
607 217
607 489
607 184
607 280
607 307
607 63
607 556
607 130
607 286
607 60
607 14
617 438
617 270
617 47
617 130
617 16
617 887
617 21
617 411
617 320
617 677
617 391
617 278
617 646
617 27
617 355
617 369
617 416
617 381
617 757
617 1265
617 654
617 206
617 463
617 238
617 362
617 459
617 395
617 1157
617 185
617 319
617 405
617 59
617 299
617 533
617 198
617 428
619 476
619 656
619 388
619 127
619 515
619 335
619 414
619 167
619 544
619 58
619 716
619 121
619 188
619 191
619 543
619 406
619 689
619 64
619 767
619 325
619 177
619 185
619 13
619 27
619 41
619 117
619 223
619 382
619 52
619 42
619 345
619 427
619 172
619 407
619 53
619 105
619 96
619 17
619 376
619 455
619 240
619 6
619 39
619 748
619 696
619 454
619 56
619 65
619 971
621 43
621 51
621 251
621 455
621 167
621 573
630 207
630 605
630 656
630 987
630 1268
630 112
630 123
630 553
630 734
630 743
630 179
630 845
630 172
630 672
630 982
630 17
630 190
630 624
630 455
630 208
630 389
630 543
630 801
630 188
630 668
630 74
630 696
630 736
630 181
630 107
630 644
630 9
630 641
630 50
630 71
630 830
630 6
630 211
630 133
630 177
630 530
630 162
630 539
630 746
630 406
630 105
630 560
630 5
630 341
642 860
642 854
642 602
642 544
642 852
642 833
642 555
642 125
642 368
642 98
642 58
642 120
642 373
642 36
642 676
642 939
642 41
642 207
642 88
642 715
642 303
642 149
642 1005
642 643
642 771
642 867
642 81
642 48
642 301
642 809
642 1220
642 31
642 696
642 227
642 323
642 1270
642 911
642 50
642 14
642 442
642 240
642 435
642 313
642 117
642 711
642 293
642 527
642 1116
642 418
642 514
642 703
642 426
642 321
642 433
642 523
642 13
642 114
642 437
642 494
642 519
642 70
642 78
642 576
642 712
642 365
642 818
642 138
642 485
642 17
642 75
642 772
642 83
642 46
642 615
642 701
642 874
642 404
642 560
642 445
642 726
642 414
642 741
642 849
642 181
642 641
642 678
642 548
642 1138
642 229
642 84
642 122
642 134
642 1235
642 371
642 1034
642 735
642 743
642 1170
642 10
642 1007
642 656
642 311
642 1271
642 660
642 366
642 1272
642 1108
642 281
642 93
642 875
642 751
642 700
642 869
642 223
642 1042
642 6
642 871
642 350
642 72
642 792
642 126
642 242
642 85
642 5
642 324
642 420
642 77
642 642
642 406
642 394
642 54
642 490
642 53
642 572
642 553
642 745
642 736
642 740
648 17
648 189
648 325
648 131
648 1002
648 772
648 9
648 140
648 308
648 72
648 387
648 84
648 26
648 13
648 65
648 744
648 348
648 105
648 223
648 343
648 335
648 236
648 350
648 261
648 971
648 111
648 409
648 87
648 1007
648 523
648 701
648 294
648 388
648 369
648 228
648 1275
648 282
648 129
648 150
648 302
648 345
648 304
648 288
648 85
648 2
648 252
648 704
648 57
648 71
648 92
648 230
648 242
648 70
648 1101
648 41
648 416
648 1191
648 16
648 220
648 268
648 27
648 344
648 646
648 47
648 407
648 78
648 100
648 118
648 1113
648 222
648 579
648 126
648 519
648 741
648 219
648 120
648 237
648 536
648 496
648 854
648 733
648 729
648 777
648 700
648 454
648 423
648 445
648 115
648 309
648 303
648 427
648 1005
648 149
648 52
648 311
648 117
648 217
648 96
657 516
657 764
657 20
657 598
657 183
657 253
657 204
657 132
657 207
657 162
657 97
657 656
657 500
657 203
657 511
665 568
665 632
665 1268
665 605
665 36
665 192
665 371
665 74
665 61
665 81
665 85
665 162
665 299
665 301
665 107
665 738
665 64
665 572
665 656
665 728
665 48
665 206
665 586
665 16
665 679
665 171
665 523
665 540
665 53
665 38
665 593
665 664
665 764
665 418
665 175
665 55
665 132
665 1032
665 486
665 751
665 27
665 230
665 220
665 123
665 743
665 10
665 372
665 58
665 569
665 420
665 601
665 272
665 661
665 32
665 60
665 8
665 325
665 624
665 437
665 9
665 50
665 14
665 183
665 43
665 281
665 1020
665 47
665 179
665 331
665 1150
665 924
665 167
665 715
665 28
665 830
665 166
665 804
665 319
665 125
665 641
671 223
671 78
671 451
671 427
671 56
671 127
671 87
671 772
671 323
671 696
671 110
671 400
671 17
671 52
671 641
671 39
671 406
671 149
671 41
671 548
671 529
671 407
671 125
671 235
671 47
671 13
671 413
671 208
671 219
671 211
671 138
671 321
671 854
671 399
671 741
671 85
671 181
671 9
671 346
671 179
671 342
671 745
671 117
671 105
677 644
677 361
677 476
677 207
677 208
677 1218
677 658
677 894
679 282
679 208
679 53
679 195
679 206
679 5
679 740
679 116
679 420
679 503
679 14
679 469
679 32
679 233
679 26
679 268
679 310
679 101
679 102
679 84
679 131
679 572
679 70
679 900
679 58
679 112
679 303
679 106
679 519
679 230
679 573
679 134
679 183
679 272
679 193
679 85
681 686
681 975
681 183
681 516
681 207
681 866
681 685
681 1278
681 460
681 508
681 163
687 509
687 640
687 203
687 540
687 208
687 672
687 167
687 188
687 196
687 101
687 97
688 208
688 683
688 690
688 640
688 515
688 649
688 524
688 676
688 200
688 1280
688 450
688 189
688 213
688 1069
688 1140
688 686
688 361
688 1068
688 821
688 1133
688 185
688 689
688 509
700 53
700 52
700 17
700 58
700 310
700 193
700 220
700 13
700 134
700 67
700 414
702 115
702 167
702 118
702 86
702 679
702 129
702 112
702 121
702 573
702 378
707 419
707 185
707 249
707 310
707 299
707 265
707 95
707 578
707 66
707 464
707 998
707 522
707 60
707 471
707 137
707 126
707 392
707 287
707 428
707 128
707 269
707 558
707 368
707 36
707 634
707 480
707 313
707 270
707 19
707 472
707 99
707 811
707 372
707 582
707 908
707 499
707 1282
707 602
707 317
707 202
707 446
707 28
707 293
707 560
707 466
707 492
707 272
707 626
707 422
707 51
707 580
707 139
707 489
707 1
707 563
707 295
707 307
707 8
707 37
707 603
707 474
707 588
707 294
711 63
711 203
711 588
711 703
711 749
711 495
711 522
711 28
711 586
711 842
711 179
711 143
711 190
711 128
711 245
711 299
711 663
711 149
711 244
711 724
717 632
717 68
717 175
717 101
717 894
717 192
717 91
717 130
717 936
717 166
717 656
717 15
717 503
717 112
717 185
717 162
717 298
717 573
717 341
717 253
717 62
717 40
717 171
717 203
717 58
717 796
717 827
717 696
717 584
717 361
717 767
717 418
717 181
717 624
717 188
717 575
717 865
717 475
717 451
717 169
717 682
717 1015
717 97
717 548
717 165
717 641
717 498
717 167
717 751
717 460
717 182
717 74
717 545
717 600
717 765
717 605
717 64
717 734
717 121
717 476
717 881
717 528
724 189
724 187
724 208
724 649
724 190
724 166
724 195
724 202
724 475
724 192
724 167
724 121
724 101
724 97
724 200
724 207
724 672
724 509
724 515
727 44
727 418
727 126
727 474
727 496
727 676
727 740
727 224
727 87
727 222
727 1220
727 531
727 144
727 105
727 458
727 210
727 207
727 42
727 420
727 171
727 907
727 106
727 77
727 2
727 93
727 652
727 6
727 28
727 454
727 111
727 58
727 594
727 810
727 388
727 61
727 741
727 140
727 272
727 236
727 376
727 344
727 13
727 133
727 40
727 65
727 64
727 32
727 288
727 329
727 149
727 57
727 240
727 79
727 233
727 88
727 141
727 345
727 503
727 39
727 115
727 661
727 101
727 86
727 275
727 543
727 136
727 96
727 373
727 485
727 192
727 217
727 282
727 47
727 70
727 423
727 31
727 7
727 298
727 244
727 72
727 591
727 84
727 701
727 371
727 704
727 942
727 10
727 427
727 25
727 52
727 386
727 29
727 9
727 572
727 321
727 123
727 41
727 519
727 17
727 689
727 134
727 146
727 305
727 85
727 527
727 353
731 51
731 59
731 206
731 262
731 350
731 107
731 307
731 281
731 368
731 620
731 249
731 278
731 78
731 420
731 317
731 32
731 299
731 464
731 1209
731 266
731 95
731 64
731 81
731 173
731 138
731 79
731 523
731 258
731 303
731 293
731 5
731 273
731 84
731 37
731 471
731 401
731 384
731 2
731 385
731 181
731 860
731 334
731 282
731 311
737 225
737 10
737 47
737 21
737 251
737 123
737 64
737 61
737 134
737 42
737 147
737 309
737 5
737 131
737 136
737 59
737 253
737 159
737 156
737 121
737 1
737 63
737 206
737 130
737 41
746 17
746 656
746 26
746 32
746 407
746 345
746 90
746 335
746 53
746 344
746 65
746 58
746 241
746 971
746 52
746 50
746 2
746 47
746 454
746 85
746 313
746 27
746 388
746 78
746 406
746 117
746 5
746 223
746 41
746 116
746 696
746 235
746 111
746 240
746 96
746 13
746 44
746 10
746 126
746 125
746 519
746 115
758 190
758 58
758 210
758 378
758 681
758 86
758 76
758 722
758 129
758 112
758 502
758 588
758 586
768 134
768 656
768 58
768 50
768 208
768 188
768 528
768 6
768 747
768 662
768 187
768 605
768 167
768 24
768 132
768 64
768 181
768 190
768 130
768 112
768 166
769 97
769 413
769 613
769 6
769 162
769 112
769 543
769 50
769 605
769 83
783 204
783 949
783 475
783 192
783 588
783 197
783 358
783 97
783 545
783 210
783 121
783 1089
783 508
783 877
783 361
783 166
783 188
783 682
783 169
783 163
783 843
783 672
790 378
790 131
790 1057
790 13
790 180
790 841
790 773
790 14
790 229
790 732
790 82
790 1040
790 85
790 111
790 426
790 800
790 129
790 530
790 217
790 1015
790 938
790 876
790 171
790 9
790 106
790 208
790 748
790 237
790 1148
790 804
790 325
790 729
790 53
790 568
790 28
790 421
790 656
790 81
790 641
790 36
790 47
790 177
790 40
790 74
790 58
790 455
790 366
790 546
790 107
790 345
790 20
790 31
790 52
790 740
790 181
790 39
790 473
790 127
790 101
790 65
790 591
790 451
790 415
790 825
790 41
790 299
790 27
790 144
790 70
790 184
790 485
790 449
790 388
790 125
808 475
808 207
808 476
808 185
808 508
808 575
808 167
808 183
808 188
808 515
808 203
808 648
808 358
808 572
808 1089
808 160
808 195
808 204
813 460
813 967
813 187
813 210
813 361
813 508
813 160
813 573
813 188
813 516
814 130
814 319
814 646
814 382
814 363
814 208
814 9
814 74
819 101
819 56
819 586
819 526
819 204
819 233
819 185
819 40
819 588
819 87
819 312
819 751
826 995
826 167
826 1235
826 344
826 127
826 85
826 58
826 331
826 56
826 911
826 325
826 207
826 73
826 721
826 211
826 872
826 243
826 363
826 13
826 371
826 388
826 14
826 118
826 227
826 682
826 226
826 288
826 640
826 537
826 129
826 552
826 427
826 64
826 53
826 105
826 772
826 96
826 335
826 93
826 50
826 240
826 121
826 340
826 1068
826 41
826 876
826 1102
826 971
826 210
826 111
826 33
826 1038
826 47
826 382
826 87
826 797
826 65
826 414
826 125
826 406
826 17
826 27
826 223
826 77
826 86
826 400
826 348
826 219
826 301
826 726
826 42
826 572
836 75
836 123
836 251
836 843
836 295
836 387
836 107
836 311
836 354
836 459
836 333
836 95
836 60
836 121
836 430
836 47
836 59
836 793
836 193
836 14
836 384
836 97
836 163
836 310
836 125
836 25
836 256
836 212
836 185
836 42
836 206
836 16
836 13
836 419
845 178
845 883
845 167
845 1217
845 97
845 1278
845 595
845 516
845 187
845 1280
845 608
845 183
845 158
846 704
846 721
846 12
846 407
846 353
846 1155
846 499
846 983
846 384
846 901
846 803
846 304
846 402
846 317
846 92
846 220
846 272
846 238
846 110
846 421
846 224
846 732
846 410
846 359
846 282
846 73
846 1002
846 816
846 313
846 296
846 107
846 128
846 354
846 116
846 10
846 519
846 331
846 945
846 789
846 251
846 554
846 115
846 133
846 675
846 103
846 342
846 583
846 591
846 85
846 60
846 472
846 718
846 41
846 5
846 286
846 460
846 97
846 318
846 278
846 447
846 321
846 43
846 264
846 58
846 273
846 1100
846 301
846 377
846 120
846 678
846 1145
846 906
846 900
846 37
846 646
846 741
846 371
846 430
846 280
846 772
846 289
846 1058
846 261
846 70
846 1184
846 72
846 631
846 269
846 292
846 370
846 127
846 453
846 32
846 2
846 787
846 419
846 1084
846 454
846 98
846 17
846 270
846 416
846 523
846 34
846 294
846 709
846 299
846 420
846 26
846 106
846 257
846 537
846 101
846 93
846 138
846 1077
846 484
846 400
846 119
846 625
846 108
846 351
846 560
846 64
846 229
846 788
846 344
846 157
846 426
846 16
846 334
846 255
846 86
846 617
846 140
846 573
846 268
846 323
846 823
846 737
846 293
846 126
846 544
846 14
846 146
846 267
846 478
846 111
846 937
846 775
846 315
846 211
846 335
846 346
846 815
846 907
846 96
846 237
846 382
846 309
846 13
846 100
846 480
846 82
846 333
846 144
846 208
846 558
846 727
846 303
846 345
846 622
846 492
846 319
846 306
846 149
846 375
846 396
846 206
846 249
846 892
846 47
846 233
846 3
846 240
846 123
846 290
846 512
846 542
846 134
846 461
846 8
846 185
846 281
846 701
846 39
846 141
846 385
846 259
846 749
846 308
846 364
846 19
846 53
846 210
846 56
846 526
846 446
846 246
846 368
846 521
846 67
846 316
846 427
846 256
846 555
846 661
846 852
846 223
846 1206
846 327
846 322
846 485
846 99
846 275
846 147
846 1127
846 566
846 406
846 520
846 491
846 21
846 740
846 409
846 84
846 288
846 27
846 262
846 408
846 329
846 105
846 440
846 254
846 122
846 725
846 42
846 59
846 51
846 1082
846 88
846 57
846 226
846 234
846 65
846 615
846 802
846 125
846 193
846 9
846 243
859 162
859 68
859 48
859 174
859 661
859 703
859 568
859 796
859 1032
859 630
859 175
859 1020
859 830
859 632
859 81
859 605
859 764
859 526
859 664
859 208
859 284
859 761
859 1223
859 253
859 167
859 148
860 400
860 173
860 787
860 300
860 222
860 182
860 2
860 167
860 14
860 78
860 511
860 563
860 474
860 107
860 130
860 247
860 233
860 560
869 841
869 187
869 601
869 58
869 97
869 743
869 259
869 4
869 473
869 174
869 184
869 181
869 130
869 64
869 703
869 20
869 48
885 125
885 662
885 225
885 50
885 230
885 373
885 10
885 233
885 77
885 437
885 105
885 134
885 825
885 281
885 368
885 84
885 245
885 181
885 149
885 20
885 193
885 371
885 301
885 372
885 65
885 136
885 298
885 406
885 420
885 523
885 656
885 593
885 220
885 117
885 68
885 13
885 364
885 162
885 324
885 78
885 188
885 679
885 605
885 591
885 39
894 152
894 204
894 586
894 202
894 190
894 588
899 471
899 157
899 107
899 184
899 131
899 573
899 372
899 129
899 461
899 85
899 171
899 10
899 111
899 311
899 225
899 246
899 43
899 77
899 341
899 303
899 173
899 272
899 740
899 54
899 496
899 65
899 70
899 519
899 261
899 78
899 58
899 90
899 51
899 426
899 96
899 401
899 6
899 2
899 222
899 67
899 112
899 503
899 179
899 220
899 162
899 419
899 121
899 641
899 485
899 786
899 13
899 39
899 299
899 453
899 301
899 138
899 493
899 47
899 206
899 384
899 105
899 144
899 406
899 313
899 572
899 193
899 38
899 224
899 84
899 5
899 638
899 100
899 181
899 37
899 257
899 258
899 9
899 99
899 17
899 656
899 319
905 188
905 91
905 74
905 196
905 167
905 76
905 641
905 185
905 154
905 130
905 341
905 588
905 166
905 511
905 528
905 604
907 751
907 475
907 452
907 101
907 928
907 167
907 190
907 154
907 498
907 729
907 818
907 515
919 160
919 183
919 672
919 361
919 515
919 167
919 538
919 434
919 210
919 682
919 203
919 190
920 202
920 502
920 204
920 185
920 187
920 475
920 121
920 203
920 167
921 167
921 474
921 134
921 742
921 98
921 2
921 138
921 32
921 329
921 125
921 574
921 85
921 527
921 679
921 676
921 354
921 13
924 13
924 256
924 105
924 173
924 50
924 134
924 464
924 422
924 661
924 182
924 117
924 342
924 74
924 481
924 123
924 224
924 140
924 286
924 85
924 193
924 299
924 319
924 275
924 167
924 58
924 8
924 84
924 130
924 107
924 596
924 303
924 301
924 341
925 744
925 461
925 683
925 16
925 644
925 515
925 369
925 9
925 208
925 639
925 212
935 605
935 180
935 341
935 796
935 64
935 777
935 641
935 6
935 181
935 924
935 643
935 530
935 716
935 662
935 593
935 183
935 298
935 171
935 696
935 188
935 413
935 167
935 179
935 418
935 543
935 613
935 767
935 53
935 81
935 173
935 451
935 656
940 190
940 401
940 586
940 138
940 17
940 99
940 85
940 313
940 14
940 751
940 95
940 77
940 13
940 449
940 556
940 47
940 299
940 600
940 188
940 274
940 196
940 134
940 207
940 474
940 333
940 58
940 9
940 258
940 286
940 78
940 123
940 157
940 1024
940 296
940 185
940 414
940 97
940 483
940 121
940 72
940 206
940 96
940 511
940 237
940 117
940 167
940 324
940 640
940 74
940 341
940 676
940 228
940 60
940 107
940 182
