1 156
1 157
1 158
1 159
1 160
1 161
1 162
2 186
2 187
2 188
2 189
2 190
3 191
3 192
3 193
3 194
3 195
3 196
3 197
3 198
3 199
3 200
3 53
3 201
3 202
3 203
3 204
7 159
7 261
7 235
7 218
7 25
7 308
7 248
7 316
7 317
7 318
7 319
7 320
7 321
7 229
7 18
7 115
7 20
7 322
7 62
7 264
7 64
7 32
7 124
7 323
7 127
7 84
7 222
7 324
7 325
7 326
7 98
7 49
7 13
7 56
7 327
7 328
7 41
7 188
7 137
7 329
7 304
7 330
7 105
7 331
7 332
7 293
7 275
7 70
7 182
7 230
7 47
7 292
7 333
7 220
7 61
7 334
7 335
7 126
7 336
7 337
7 85
7 313
7 144
7 338
7 339
7 340
7 87
7 341
7 260
7 223
7 125
7 257
7 27
7 243
7 342
7 266
7 226
7 343
7 344
7 272
7 283
7 74
7 268
7 345
7 131
7 346
7 72
7 347
7 348
7 349
7 291
7 79
7 350
7 351
7 352
7 234
7 353
7 65
7 263
7 6
7 354
7 355
7 356
7 357
7 37
7 358
7 359
7 208
7 120
7 360
7 290
7 102
7 311
7 278
7 361
7 362
7 305
7 363
7 364
7 365
7 366
7 269
7 367
7 107
7 368
7 43
7 59
7 369
7 370
7 371
7 372
7 373
7 9
7 42
7 374
7 375
7 130
7 376
7 104
7 14
7 377
7 378
7 379
7 140
7 380
7 295
7 381
7 382
7 183
7 383
7 3
7 5
7 384
7 90
7 385
7 181
7 88
7 386
7 387
7 99
7 100
7 388
7 237
7 303
7 389
7 390
7 391
7 392
7 393
7 78
7 394
7 395
7 236
7 256
7 396
7 397
7 398
7 399
7 60
7 44
7 288
7 302
7 400
7 267
7 401
7 402
7 276
7 403
7 309
7 404
7 38
7 405
7 406
7 407
7 10
7 251
7 132
7 408
7 409
7 270
7 410
7 411
7 412
7 413
7 238
7 414
7 301
7 246
7 17
7 415
7 416
7 417
7 33
7 418
7 419
7 116
7 299
7 420
7 421
7 193
7 111
7 184
7 82
7 422
7 51
7 52
7 217
7 254
7 58
7 128
7 423
7 424
7 274
7 134
7 425
7 150
7 426
13 10
13 471
13 595
13 596
13 456
13 214
14 258
14 13
14 292
14 309
14 304
14 257
14 53
14 254
14 85
14 384
14 247
14 34
14 58
14 248
14 123
14 602
14 17
14 299
14 159
14 185
14 603
14 72
14 18
14 295
14 105
14 430
14 371
14 255
26 418
26 81
26 97
26 132
26 130
26 64
26 188
26 154
26 174
26 508
26 189
26 40
26 624
26 53
26 185
26 669
26 58
26 167
26 573
26 259
26 609
26 171
26 208
40 101
40 524
40 165
40 475
40 588
40 207
40 723
40 538
40 596
40 196
40 158
41 84
41 273
41 573
41 95
41 9
41 420
41 130
41 13
41 222
41 50
41 157
41 53
41 183
41 309
41 193
41 21
41 105
41 484
41 325
41 296
41 228
41 70
41 206
41 60
41 14
41 17
41 150
41 251
41 724
41 134
41 61
41 300
41 58
41 72
41 353
41 43
54 167
54 716
54 190
54 203
54 204
58 526
58 178
58 786
58 233
58 179
61 192
61 821
61 189
61 121
61 188
61 187
64 499
64 296
64 1
64 96
64 454
64 749
64 42
64 259
64 809
64 826
64 217
64 387
64 112
64 313
64 14
64 134
64 53
64 180
64 343
64 193
64 369
64 74
64 107
64 428
64 118
64 2
64 5
64 60
64 132
64 828
64 426
64 61
64 385
64 496
64 330
64 574
64 420
64 120
64 77
64 17
64 123
64 57
64 21
64 388
64 233
64 129
64 131
64 70
64 18
64 157
64 167
64 523
64 58
64 41
64 406
64 211
64 187
64 253
64 275
64 237
64 344
64 72
64 56
64 416
64 27
64 144
64 105
64 181
64 371
64 492
64 32
64 220
64 37
64 282
64 325
64 43
64 99
64 236
64 93
64 15
64 16
64 447
64 9
64 396
64 115
64 10
64 162
64 116
64 141
64 65
64 401
64 84
64 517
64 13
64 100
64 246
64 528
64 360
64 332
64 85
64 597
64 226
64 311
64 560
64 414
64 390
64 26
79 165
79 58
79 130
79 40
79 76
79 97
79 183
79 780
79 592
79 63
79 153
79 639
79 74
79 493
79 575
79 69
79 761
79 681
79 428
79 176
79 80
79 844
79 516
79 101
79 540
79 473
79 121
79 173
79 203
79 50
79 112
79 259
79 332
79 178
79 184
79 182
79 664
79 30
88 877
88 166
88 586
88 695
88 516
88 878
88 565
88 608
88 178
88 686
88 209
88 183
88 649
90 218
90 317
90 9
90 202
90 763
90 592
90 879
90 68
90 276
90 41
90 603
90 123
90 620
90 516
90 269
90 42
90 295
90 333
90 574
90 492
90 880
90 287
90 392
90 329
90 384
90 635
90 447
90 336
90 181
90 306
90 211
90 166
90 354
90 628
90 273
90 178
90 258
90 206
90 591
90 747
90 57
90 361
90 416
90 116
90 132
90 806
90 556
90 127
90 507
90 383
90 167
90 226
90 190
90 97
90 153
90 280
90 16
90 106
90 140
90 491
90 274
90 780
90 249
90 786
90 46
90 220
90 17
90 128
90 51
90 144
90 87
90 489
90 459
90 130
90 881
90 37
90 882
90 474
90 426
90 65
90 24
90 883
90 341
90 327
90 216
90 884
90 297
90 885
90 291
90 72
90 263
90 804
90 498
90 632
90 464
90 480
90 886
90 251
90 272
90 519
90 501
90 661
90 523
90 193
90 110
90 462
90 813
90 631
90 259
90 107
90 627
90 367
90 289
90 82
90 64
90 137
90 165
90 422
90 309
90 92
90 483
90 185
90 472
90 887
90 583
90 779
90 293
90 316
90 233
90 47
90 425
90 266
90 791
90 888
90 625
90 299
90 414
90 176
90 95
90 182
90 13
90 449
90 278
90 889
90 406
90 264
90 404
90 254
90 890
90 802
90 151
90 238
90 307
90 270
90 822
90 310
90 582
90 308
90 891
90 580
90 183
90 222
90 328
90 100
90 99
90 304
90 14
90 131
90 626
90 332
90 396
90 8
90 410
90 369
90 5
90 430
90 311
90 152
90 461
90 98
90 892
90 286
90 372
90 315
90 108
90 203
90 486
90 139
90 860
90 893
90 560
90 313
90 894
90 303
90 256
90 217
90 36
90 368
90 223
90 394
90 320
90 895
90 146
90 896
90 160
90 19
90 158
90 102
90 294
90 275
90 184
90 61
90 101
90 260
90 614
90 186
90 59
90 157
90 897
90 463
90 508
90 261
90 525
90 174
90 12
90 63
90 549
90 615
90 43
90 305
90 296
90 479
90 252
90 785
90 257
90 34
90 32
95 750
95 303
95 915
95 380
95 318
95 453
95 499
95 351
95 581
95 192
95 37
95 447
95 396
95 293
95 41
95 51
95 290
95 364
95 324
95 916
100 201
100 923
100 508
100 185
100 456
100 186
100 505
100 167
100 689
100 188
100 192
100 516
100 202
100 97
100 121
100 592
100 207
100 190
100 573
100 686
100 586
102 105
102 47
102 10
102 27
102 9
102 126
102 288
102 58
102 78
102 115
102 369
102 552
102 13
102 86
105 101
105 121
105 190
105 183
105 212
105 208
105 160
105 167
105 195
105 185
105 97
107 538
107 121
107 203
107 97
107 185
107 101
107 927
107 498
119 321
119 881
119 209
119 132
119 169
119 186
120 171
120 68
120 132
120 924
120 662
120 183
120 418
120 81
120 121
120 6
120 50
120 641
120 64
120 500
120 259
120 58
121 254
121 128
121 9
121 63
121 225
121 392
121 59
121 259
121 511
121 76
121 261
121 75
121 944
121 299
121 64
121 130
121 206
121 519
121 320
121 61
121 43
121 880
121 51
121 181
121 499
121 85
121 50
124 211
124 374
124 46
124 335
124 17
124 345
124 9
124 131
124 52
124 70
124 105
124 74
132 598
132 63
132 76
132 131
132 14
132 256
132 123
132 64
132 268
132 274
132 69
132 182
132 130
132 477
133 121
133 586
133 608
133 190
133 509
133 508
133 186
133 97
133 176
133 210
161 2
161 9
161 24
161 174
161 10
161 130
161 190
161 186
161 420
161 586
163 14
163 5
163 9
163 368
163 193
163 202
163 190
163 121
163 206
163 186
164 767
164 981
164 451
164 656
164 169
164 696
164 452
164 604
164 167
164 894
164 418
164 1012
164 476
164 643
164 191
164 188
164 543
164 899
164 53
164 644
164 475
164 532
164 572
164 6
164 991
164 121
164 175
164 670
164 611
164 130
164 259
164 503
164 613
164 641
164 642
164 662
164 171
164 112
164 361
164 573
164 548
164 341
164 795
164 640
164 200
164 132
164 577
164 28
164 516
164 192
169 166
169 13
169 689
169 384
169 85
169 53
169 98
169 64
169 491
169 464
169 100
169 217
169 258
169 454
169 191
169 278
169 188
169 121
169 8
169 58
169 238
169 679
169 57
169 472
171 163
171 195
171 185
171 167
171 101
171 575
171 545
171 121
171 586
171 204
171 165
171 97
171 187
171 160
171 190
184 196
184 42
184 9
184 480
184 72
184 300
184 128
184 79
184 53
184 301
184 130
184 827
184 257
184 3
184 274
184 116
184 24
184 813
184 678
184 85
184 892
184 47
184 184
184 556
184 310
184 491
184 307
184 953
184 632
184 82
184 126
184 762
184 486
184 32
184 249
184 371
184 233
184 76
184 275
184 328
184 428
184 63
184 617
184 1022
184 183
184 5
184 473
184 1023
184 181
184 147
184 218
184 31
184 139
184 472
184 132
184 259
184 220
184 247
184 308
184 333
184 152
184 125
184 392
184 64
184 264
184 206
184 318
184 27
184 124
184 96
184 526
184 620
184 297
184 303
184 1024
184 479
184 430
184 151
184 68
184 272
184 182
184 385
184 138
184 287
184 511
184 471
184 256
184 350
184 122
184 56
184 320
184 49
184 173
184 373
184 842
184 58
184 242
184 75
184 16
184 321
184 489
184 258
184 787
184 36
184 50
184 203
184 248
184 422
184 102
184 95
184 761
184 474
184 293
184 225
184 311
184 638
184 270
184 780
184 8
184 569
184 190
184 107
184 262
184 782
184 276
184 167
184 1025
184 342
184 575
184 60
184 786
184 457
184 558
184 193
184 174
184 626
184 59
184 763
184 254
184 278
184 612
184 19
184 51
184 298
184 77
190 656
190 185
190 751
190 573
190 188
190 600
190 97
190 112
190 475
190 209
190 341
190 81
190 167
190 476
190 190
190 177
190 528
190 174
190 513
190 187
190 649
190 643
190 130
190 74
190 181
190 208
193 739
193 1007
193 1034
193 721
193 226
193 350
193 478
193 718
193 656
193 174
193 293
193 13
193 745
193 454
193 508
193 166
193 728
193 64
193 462
193 238
193 1035
193 130
193 125
193 361
193 99
193 42
193 818
193 97
193 187
193 188
193 511
193 181
193 50
193 34
193 641
193 591
193 945
193 891
193 57
193 167
193 68
193 584
193 420
193 87
193 461
193 222
193 512
193 742
193 65
193 183
193 56
193 529
193 202
193 262
193 171
193 516
195 111
195 311
195 24
195 760
195 455
195 73
195 885
210 851
210 740
210 573
210 704
210 536
210 185
217 696
217 52
217 74
217 41
217 117
217 105
217 407
217 971
217 451
217 567
217 656
217 748
217 382
217 543
217 227
217 96
217 110
217 386
217 65
217 14
217 125
217 406
217 188
217 112
217 388
217 240
217 17
217 564
217 211
217 454
219 416
219 165
219 413
219 116
219 7
219 385
219 97
219 218
219 374
219 556
219 121
219 609
219 400
219 392
219 477
219 224
228 208
228 414
228 167
228 299
228 401
228 190
228 516
228 183
228 1044
234 151
234 186
234 163
234 549
234 460
234 158
234 182
234 76
234 167
235 16
235 129
235 233
235 141
235 278
235 328
235 838
235 281
235 275
235 540
235 488
235 184
235 454
235 317
235 130
235 226
235 224
235 558
235 41
235 309
235 97
235 82
235 464
235 204
235 43
235 92
235 256
235 181
235 13
235 258
235 37
235 51
235 325
235 74
235 282
235 259
235 217
235 501
235 65
235 280
235 99
235 72
235 420
235 401
235 757
235 165
235 297
235 519
235 481
235 59
235 311
235 21
235 285
235 474
235 193
235 128
235 885
235 272
235 105
235 866
235 58
235 1077
235 628
235 222
235 50
235 603
235 416
235 79
235 387
235 506
235 95
235 246
235 201
235 17
235 1075
235 834
235 182
236 139
236 167
236 183
236 520
236 276
236 523
236 1078
236 460
236 486
236 95
236 8
236 65
236 361
236 522
236 16
236 102
236 81
236 281
236 122
236 112
236 324
236 162
236 373
236 181
236 643
236 413
236 327
236 1079
236 464
236 455
236 408
236 238
236 420
236 116
236 144
236 230
236 272
236 528
236 107
236 718
236 307
236 14
236 64
236 132
236 474
236 226
236 220
236 193
236 508
236 53
236 613
236 72
236 192
236 5
236 368
236 299
236 98
236 9
236 57
236 84
236 171
236 282
236 189
239 14
239 1029
239 784
239 190
239 305
239 99
239 267
239 132
239 17
239 253
239 147
239 287
239 42
239 332
239 249
239 398
239 370
239 449
239 27
239 9
239 405
239 43
239 603
239 146
239 985
239 261
239 292
239 289
239 70
239 430
239 308
239 76
239 296
239 313
239 440
239 895
239 481
239 1080
239 802
239 556
239 384
239 538
239 8
239 125
239 511
239 230
239 105
239 21
239 892
239 464
239 47
239 270
239 890
239 419
239 79
239 499
239 203
239 303
239 93
239 268
239 238
239 137
239 355
239 16
239 309
239 297
239 36
239 661
239 58
239 663
239 269
239 299
239 893
239 525
239 116
239 257
239 342
239 306
239 91
239 393
239 236
239 152
239 225
239 275
239 13
239 510
239 85
239 66
239 75
239 103
239 778
239 307
239 602
239 156
239 501
239 251
239 422
239 158
239 106
239 63
239 328
239 60
239 157
239 310
239 272
239 123
239 330
239 294
239 295
239 174
239 246
239 473
239 254
239 416
239 793
239 264
239 33
239 24
239 224
239 97
260 894
260 685
260 1097
260 991
260 649
260 683
260 214
260 167
260 572
260 692
260 1098
260 1099
260 475
260 502
260 434
260 160
260 877
261 203
261 648
261 656
261 676
261 207
261 894
261 696
261 690
261 991
261 213
261 284
261 680
261 166
261 976
261 418
261 645
261 208
261 476
261 649
261 188
263 96
263 281
263 17
263 406
263 1077
263 380
263 288
263 51
263 256
263 368
263 190
263 128
263 27
263 273
263 65
263 117
263 420
263 192
263 476
263 64
263 1100
263 193
263 8
263 523
263 418
263 353
263 77
263 52
263 385
263 87
263 10
263 329
263 5
263 137
263 290
263 220
263 97
263 272
263 111
263 317
263 316
263 25
263 105
263 264
263 70
263 325
263 41
263 311
263 130
263 814
263 186
263 13
263 2
263 516
263 141
263 855
263 147
263 112
263 257
263 78
263 381
263 586
263 303
263 486
263 266
263 560
263 259
263 116
263 275
263 99
263 359
263 238
263 58
263 251
263 286
263 50
263 9
263 480
263 98
263 206
263 365
263 57
263 574
263 43
263 268
263 32
263 236
263 447
263 226
263 100
263 318
263 53
263 396
273 178
273 927
273 516
273 540
273 196
273 165
273 538
273 586
273 186
273 190
273 202
273 101
273 596
276 598
276 309
276 653
276 914
276 521
276 388
276 24
276 782
276 32
276 971
276 501
276 615
276 209
276 456
276 191
276 458
276 132
276 453
276 927
276 889
276 469
276 331
278 384
278 178
278 9
278 255
278 202
278 41
278 97
278 134
278 176
278 207
278 183
278 586
278 167
278 505
278 208
278 679
278 603
278 259
279 86
279 1036
279 919
279 1123
279 1124
279 601
279 331
279 115
279 501
279 540
279 943
279 1062
279 458
279 26
279 60
279 118
279 222
279 941
279 237
279 1061
279 378
279 284
279 469
279 749
279 1125
279 1005
279 431
279 992
279 74
285 72
285 97
285 91
285 20
285 208
285 679
285 70
285 167
285 927
285 174
285 235
285 683
285 181
285 185
285 146
285 130
285 204
285 353
285 112
285 206
285 99
285 188
285 160
285 27
286 523
286 365
286 281
286 209
286 351
286 469
286 1143
286 35
286 416
286 85
286 586
286 186
286 807
286 344
286 194
286 820
286 314
288 190
288 2
288 226
288 51
288 353
293 43
293 116
293 311
293 175
293 61
293 268
293 464
293 430
293 90
293 141
293 76
293 107
293 300
293 328
293 69
293 99
293 85
293 52
293 222
293 369
293 8
293 333
293 34
293 73
293 123
293 117
293 836
293 492
293 423
293 581
293 27
293 261
293 309
293 301
293 278
293 342
293 20
293 331
293 238
293 5
293 226
293 484
293 385
293 384
293 265
293 14
293 455
293 89
293 403
293 362
293 428
293 305
293 380
293 167
293 47
293 390
293 164
293 307
293 1
293 185
293 286
293 56
293 615
293 87
293 343
293 308
293 246
293 217
293 32
293 57
293 67
293 58
293 206
293 272
293 146
293 276
293 248
293 18
293 190
293 310
293 177
293 100
293 983
293 319
293 351
293 13
293 453
293 446
293 59
293 251
293 406
293 416
293 303
293 299
293 349
293 449
293 25
293 1146
293 400
293 250
293 264
293 368
293 182
293 478
293 150
293 324
293 387
293 130
293 134
293 267
293 523
293 70
293 16
293 96
293 102
293 60
293 230
293 291
293 9
293 295
293 66
293 165
293 64
294 210
294 975
294 272
294 384
294 923
294 65
294 502
294 672
294 573
294 40
294 682
294 922
294 202
294 203
294 181
294 167
294 101
294 679
294 259
294 282
299 630
299 443
299 296
299 125
299 437
299 787
299 107
299 609
299 800
299 789
299 749
299 146
299 134
299 224
299 128
299 855
299 95
299 472
299 78
299 637
299 496
299 781
299 560
299 627
299 185
299 1080
299 785
299 558
299 18
299 2
299 262
299 93
299 297
299 234
299 46
299 75
299 247
299 556
299 561
299 288
299 576
299 209
313 656
313 407
313 374
313 237
313 364
313 17
313 718
313 72
313 301
313 447
313 21
313 111
313 270
313 724
313 353
313 251
313 263
313 78
313 266
313 226
313 334
313 286
313 7
313 116
313 13
313 193
313 42
313 43
313 56
313 740
313 130
313 333
313 368
313 802
313 144
313 259
313 303
313 220
313 291
313 57
313 99
313 5
313 420
313 382
313 8
313 274
313 600
313 9
313 100
313 1091
313 39
313 257
313 491
313 341
313 1002
313 354
313 329
313 345
313 296
313 335
313 34
313 340
313 454
313 309
313 16
313 583
313 192
313 255
313 278
313 311
313 554
313 140
313 324
313 543
313 419
313 351
313 272
313 228
313 401
313 52
313 261
313 58
313 350
313 330
313 50
313 238
313 422
313 256
313 475
313 27
313 268
313 98
313 680
313 6
313 92
313 87
313 385
313 105
313 390
313 230
313 294
313 217
313 188
313 316
313 2
313 733
313 409
313 343
313 406
313 223
313 304
313 282
313 371
313 413
313 751
313 342
313 750
313 306
313 1068
313 60
313 300
313 85
313 430
313 260
313 396
313 275
313 299
313 47
313 64
313 125
313 649
313 53
313 107
313 96
313 702
313 308
313 206
313 65
313 315
313 384
313 51
333 138
333 591
333 572
333 9
333 186
333 149
333 174
333 586
333 188
333 226
333 267
333 222
333 10
333 70
333 13
333 130
333 282
333 272
333 64
339 116
339 428
339 3
339 590
339 226
339 368
339 253
339 117
339 146
339 98
339 123
339 37
339 27
339 343
339 344
339 159
339 478
339 349
339 571
339 28
339 106
339 296
339 249
339 718
339 256
339 84
339 131
339 211
339 261
339 21
339 325
339 422
339 392
339 601
339 36
339 68
339 53
339 34
339 624
339 887
339 115
339 554
339 202
339 9
339 183
339 285
339 311
339 860
339 937
339 617
339 43
339 250
339 316
339 254
339 728
339 255
339 99
339 794
339 222
339 25
339 185
339 56
339 958
339 59
339 384
339 50
339 32
339 14
339 97
339 47
339 66
339 416
339 339
339 283
339 369
339 355
339 93
339 54
339 268
339 224
339 671
339 802
339 157
339 128
339 420
339 364
339 149
339 237
339 100
339 449
339 130
339 789
339 272
339 91
339 206
339 64
339 292
339 10
339 174
339 90
339 225
339 483
339 782
339 511
339 51
339 8
339 144
339 126
339 522
339 20
339 251
339 797
339 403
339 309
339 41
339 419
339 275
339 1
339 1178
339 65
339 400
339 264
339 615
339 257
339 58
339 303
339 274
339 16
339 299
339 856
339 57
339 5
339 13
339 1157
339 61
339 270
339 333
339 18
339 623
339 353
339 1031
339 263
339 293
339 74
339 408
339 76
339 195
339 60
339 72
339 413
339 70
339 134
339 351
339 266
339 390
339 536
339 95
339 259
339 401
339 112
339 319
339 234
339 425
339 276
339 175
339 42
339 1102
339 342
339 236
339 132
339 217
339 363
339 430
339 331
339 31
339 523
339 258
339 204
339 140
339 320
339 453
339 372
339 127
339 278
339 96
339 19
341 949
341 843
341 1180
341 163
341 208
341 545
341 991
341 655
341 1089
341 672
341 1088
341 169
341 877
344 141
344 666
344 208
344 28
344 72
344 40
344 69
344 179
344 166
344 254
344 630
344 313
344 829
344 455
344 186
344 703
344 17
344 64
344 182
344 164
344 174
344 116
344 311
344 787
354 158
354 246
354 471
354 128
354 72
354 97
354 278
354 692
354 392
354 164
354 126
354 101
354 21
354 333
354 592
354 308
354 666
354 182
354 109
354 218
354 637
354 878
354 3
354 799
354 258
354 499
354 464
354 668
354 76
354 484
354 139
354 225
354 354
354 384
354 477
354 201
354 287
354 57
354 13
354 226
354 275
354 272
354 1186
354 8
354 51
354 82
354 266
354 493
354 366
354 257
354 261
354 558
354 74
354 635
354 281
354 446
354 267
354 489
354 296
354 626
354 131
354 184
354 130
354 151
354 880
354 254
354 863
354 525
354 501
354 316
354 220
354 491
354 24
354 483
354 47
354 46
354 473
354 310
354 121
354 827
354 634
354 1187
354 800
354 49
354 306
354 440
354 69
354 108
354 37
354 58
354 10
354 183
354 28
354 608
354 312
354 428
354 178
354 165
354 12
354 526
354 264
354 523
354 556
354 40
354 472
354 521
354 293
354 160
354 822
354 156
354 60
354 249
354 280
354 582
354 176
354 80
354 538
354 519
354 70
354 1130
354 410
354 152
354 596
354 469
354 36
354 612
354 75
354 53
354 95
354 303
354 313
354 163
354 66
354 497
354 332
354 500
354 860
354 545
354 598
354 609
354 173
358 250
358 596
358 116
358 206
358 108
358 366
358 580
358 440
358 193
358 258
358 212
358 428
358 757
358 425
358 313
358 297
358 1177
358 944
358 1149
358 416
358 36
358 7
358 121
358 152
358 1189
358 1022
358 798
365 166
365 671
365 121
365 780
365 76
365 632
365 184
365 196
365 68
365 91
365 190
365 568
365 586
365 881
365 97
365 208
365 20
365 827
365 210
365 112
365 130
365 203
365 672
365 569
365 182
365 170
365 101
365 605
365 50
365 528
365 186
365 540
366 653
366 622
366 803
366 369
366 16
366 237
366 423
366 238
366 411
366 14
366 26
366 650
366 646
366 323
366 9
366 941
366 581
366 424
366 421
366 405
366 458
366 363
366 319
366 208
366 355
366 339
366 216
368 412
368 58
368 940
368 216
368 198
368 47
368 14
368 53
368 458
368 167
368 421
368 938
368 211
368 26
368 163
368 27
368 130
368 64
368 74
369 210
369 53
369 7
369 58
369 85
369 46
369 597
369 505
369 101
369 186
369 592
369 204
369 573
369 416
369 32
377 238
377 209
377 572
377 208
377 131
377 423
377 167
377 14
377 74
377 186
377 9
377 511
377 210
377 99
377 190
377 70
377 134
377 100
377 319
377 121
377 207
378 460
378 190
378 185
378 373
378 98
378 596
378 141
378 499
378 188
378 466
378 787
378 428
378 97
378 226
378 167
383 294
383 822
383 309
383 196
383 443
383 492
383 419
383 384
383 128
383 63
383 267
383 24
383 80
383 132
383 272
383 51
383 185
383 181
383 299
383 425
383 43
383 18
383 101
383 342
383 206
383 130
383 430
383 1057
383 203
383 278
383 586
383 247
383 182
383 144
383 226
383 268
383 300
383 8
383 92
383 60
383 56
383 333
383 116
383 251
383 261
383 249
383 147
383 353
383 311
383 372
383 186
383 270
383 46
383 183
383 264
383 76
383 491
383 499
383 325
383 16
383 258
383 319
384 190
384 923
384 452
384 202
384 572
384 1094
384 694
384 192
384 210
384 186
384 167
384 460
384 475
384 573
384 188
384 185
384 195
384 689
384 121
384 183
392 140
392 475
392 185
392 835
392 248
392 75
392 34
392 175
392 416
392 174
392 540
392 277
392 9
392 196
392 829
392 46
392 154
392 313
392 275
392 1089
392 422
392 549
392 101
392 364
392 57
392 251
392 164
392 136
392 669
392 95
392 204
392 8
392 843
392 108
392 802
392 639
392 201
392 270
392 160
392 7
392 85
392 259
392 460
392 305
392 208
392 28
392 134
392 189
392 40
392 64
392 147
392 54
392 157
392 187
392 286
392 498
392 464
392 409
392 588
392 165
392 190
392 207
392 666
392 51
392 245
392 289
392 58
392 53
392 167
392 419
392 203
392 72
392 202
392 349
392 288
392 267
392 247
392 904
392 583
392 491
392 186
392 211
392 97
392 333
392 13
392 264
393 911
393 414
393 219
393 636
393 811
393 266
393 490
393 892
393 86
393 445
393 406
393 729
393 818
393 772
393 704
393 576
393 1200
393 165
393 1135
393 127
393 73
393 376
393 854
393 561
393 665
393 735
393 485
393 186
393 449
393 817
393 308
393 972
393 141
393 678
393 1172
393 278
393 564
393 133
393 280
393 352
393 77
393 359
393 261
393 1201
393 448
393 657
393 1057
393 971
393 231
393 1202
393 84
393 120
393 400
393 209
393 594
393 44
393 579
393 874
393 106
393 542
393 1203
393 469
393 26
393 914
393 774
393 1204
393 246
393 732
393 475
393 17
393 1193
393 1114
393 721
393 272
393 1205
393 739
393 873
393 454
393 867
393 750
393 560
393 527
393 523
393 771
393 185
393 1206
393 938
393 348
393 993
393 368
397 185
397 596
397 588
397 177
397 204
397 55
397 101
397 167
401 273
401 446
401 304
401 162
401 78
401 303
401 125
401 307
401 146
401 384
401 226
401 32
401 130
401 233
401 36
401 137
401 293
401 52
401 2
401 264
401 745
401 193
401 272
401 422
401 192
401 638
401 186
401 51
401 519
401 99
401 415
401 174
401 289
401 404
401 206
401 454
401 254
401 414
401 368
401 522
401 352
401 68
401 764
401 259
401 13
401 295
401 407
401 523
401 184
401 586
401 124
401 428
401 98
401 491
401 341
401 225
401 987
401 107
401 217
401 364
401 16
401 149
401 286
401 144
401 410
401 314
401 72
408 572
408 540
408 208
408 586
408 658
408 185
408 167
408 212
408 160
408 1053
408 207
408 195
408 190
408 187
408 158
408 573
411 414
411 157
411 662
411 41
411 401
411 854
411 126
411 14
411 132
411 2
418 189
418 97
418 121
418 687
418 208
418 672
418 475
420 173
420 185
420 63
420 540
420 525
420 184
420 69
420 253
420 244
420 473
420 130
420 384
420 508
420 267
420 24
420 128
420 268
420 37
420 76
420 64
420 556
420 183
420 516
420 416
420 182
420 756
425 210
425 78
425 287
425 195
425 309
425 1011
425 146
425 361
425 203
425 1217
425 190
425 204
425 658
425 672
425 186
425 70
425 166
425 434
425 97
425 202
432 112
432 389
432 641
432 162
432 181
432 58
432 734
432 543
432 662
432 40
432 20
432 664
432 586
432 284
432 121
432 91
432 647
432 53
432 511
432 6
432 640
432 656
432 54
432 207
432 48
432 188
432 174
432 600
432 180
432 728
432 28
432 81
432 208
432 171
432 167
432 253
432 175
432 669
432 179
441 132
441 573
441 656
441 50
441 207
441 199
441 6
441 74
441 167
441 450
441 171
444 58
444 573
444 130
444 167
444 69
444 132
444 176
444 192
445 1221
445 253
445 157
445 809
445 662
445 13
445 84
445 204
445 203
445 65
445 835
445 17
445 824
445 927
445 14
445 20
458 540
458 549
458 204
458 361
458 189
458 508
458 596
463 31
463 178
463 64
463 58
463 54
463 573
463 166
463 843
463 545
463 167
466 53
466 191
466 85
466 773
466 413
466 502
466 475
466 586
466 692
466 96
466 206
466 927
466 656
466 185
466 223
466 241
466 201
466 176
466 125
466 14
466 17
466 881
466 177
466 192
466 121
466 167
466 52
466 453
466 41
466 56
466 163
466 866
466 13
466 1218
466 73
466 208
466 26
466 58
466 216
466 687
466 335
466 595
466 105
466 197
466 74
466 127
466 110
466 454
466 331
471 77
471 375
471 553
471 704
471 50
471 313
471 726
471 221
471 1170
471 694
471 365
471 702
471 117
471 350
471 85
471 911
478 523
478 193
478 20
478 454
478 174
478 325
478 67
478 311
478 18
478 591
478 208
478 65
478 526
478 299
478 9
478 453
478 49
478 664
478 841
478 181
478 107
478 206
478 179
478 63
478 106
478 70
478 786
478 203
478 804
478 36
478 809
478 625
478 321
478 406
478 557
478 374
478 50
478 801
478 265
478 369
478 426
478 123
478 211
478 2
478 173
478 105
478 350
478 5
478 568
478 140
478 91
478 78
478 81
478 56
478 52
478 469
478 76
478 130
479 70
479 13
479 96
479 125
479 27
479 87
479 190
479 573
479 414
479 235
479 447
479 278
479 63
479 206
479 485
479 319
480 37
480 27
480 144
480 409
480 13
480 100
480 288
480 247
480 72
480 46
480 617
480 75
480 313
480 7
480 384
480 342
480 17
480 47
480 258
480 157
480 307
480 464
480 316
480 666
480 261
480 275
480 1238
480 54
480 580
480 190
480 130
480 123
480 238
480 58
480 303
480 1025
480 65
480 430
480 150
480 293
480 14
480 185
480 136
480 9
484 345
484 233
484 105
484 772
484 396
484 17
484 742
484 414
484 111
484 115
484 1039
484 749
484 689
484 704
484 100
484 2
484 193
484 420
484 14
484 371
484 288
484 523
484 750
484 43
484 321
484 382
484 86
484 31
484 368
484 52
484 133
484 348
484 532
484 129
484 344
484 70
484 401
484 78
484 740
484 134
484 122
484 527
484 496
484 474
484 9
484 266
484 117
484 486
484 299
484 107
484 91
484 65
484 118
484 223
484 13
484 548
484 552
484 281
484 741
484 149
484 27
484 217
484 222
484 41
484 96
484 335
484 407
484 544
484 454
484 240
484 400
484 560
484 141
484 51
484 39
484 47
484 85
484 10
484 77
484 854
484 220
484 737
484 125
485 1140
485 167
485 165
485 97
485 204
485 158
485 863
485 185
488 288
488 572
488 236
488 146
488 737
488 305
488 115
488 574
488 475
488 282
488 10
488 125
488 84
488 132
488 57
488 141
488 96
488 275
488 144
488 112
488 41
488 126
488 223
488 519
488 5
488 98
488 162
488 311
488 27
488 217
488 121
488 252
488 16
488 387
488 9
488 111
488 1228
488 474
488 192
488 370
488 259
488 860
488 43
488 193
488 53
488 70
488 206
488 560
488 58
488 37
488 1002
488 420
488 189
488 329
488 134
488 100
488 266
488 81
488 207
488 641
488 524
488 133
488 385
488 273
488 140
488 47
488 368
488 65
488 414
488 102
488 64
488 447
488 188
488 353
488 13
488 496
488 117
488 330
488 14
488 464
489 163
489 191
489 683
489 991
489 183
489 649
489 167
489 208
489 640
489 572
489 475
489 121
489 573
489 204
489 894
489 509
489 215
489 213
489 1012
489 192
489 188
489 361
489 689
491 253
491 66
491 80
491 333
491 177
491 37
491 203
491 592
491 182
491 30
491 121
491 154
491 76
491 130
491 183
491 267
491 473
491 430
491 244
491 289
491 123
491 454
505 375
505 528
505 364
505 257
505 737
505 138
505 394
505 149
505 96
505 57
505 111
505 144
505 318
505 745
505 220
505 98
505 17
505 423
505 311
505 329
505 371
505 125
505 223
505 41
505 361
505 13
505 447
505 301
505 740
505 491
505 860
505 406
505 37
505 341
505 641
505 167
505 116
505 9
505 638
505 366
505 368
505 211
505 6
505 77
505 117
505 317
505 656
506 56
506 486
506 406
506 1096
506 87
506 1057
507 682
507 450
507 577
507 1118
507 644
507 683
507 680
507 751
507 476
507 960
507 188
507 452
507 210
507 185
507 662
507 187
507 186
507 192
507 1248
507 689
507 686
507 455
507 516
507 508
507 586
507 572
507 434
507 475
507 54
507 112
507 167
507 640
507 973
507 456
507 6
507 31
507 58
507 696
507 679
507 642
507 208
507 1249
507 573
507 716
507 524
507 53
507 672
507 176
507 588
507 1055
507 121
507 361
507 207
507 543
511 204
511 163
511 167
511 210
511 207
511 475
511 672
511 843
511 1089
511 1218
511 208
511 683
511 188
511 197
511 545
511 1180
511 203
516 72
516 600
516 187
516 53
516 927
516 58
516 31
516 136
516 372
516 183
516 19
516 99
516 78
516 259
516 309
516 428
532 259
532 191
532 158
532 252
532 51
532 643
532 291
532 276
532 899
532 97
532 461
532 53
532 65
532 100
533 414
533 735
533 172
533 32
533 171
533 147
533 30
533 342
533 220
533 188
533 301
533 418
533 609
533 394
547 192
547 186
547 209
547 202
547 121
547 498
547 475
547 203
547 588
547 586
547 167
547 540
547 185
547 196
547 573
548 177
548 343
548 894
548 358
548 28
548 545
548 179
548 759
548 333
548 112
548 455
548 644
548 403
548 767
548 121
548 447
548 160
548 384
548 361
548 342
548 74
548 123
548 956
548 34
548 185
548 430
548 238
548 475
548 991
548 33
548 100
548 703
548 163
548 167
548 716
548 271
548 130
548 16
548 692
548 322
548 617
548 958
548 649
548 476
548 191
548 640
548 573
548 172
548 118
548 891
548 61
548 682
548 204
548 54
548 144
548 65
548 255
548 641
548 335
548 53
548 14
548 73
548 240
548 58
548 354
548 186
548 188
548 508
548 31
548 344
548 259
548 347
548 9
548 175
548 64
548 50
548 423
548 96
548 192
548 27
548 461
559 927
559 325
559 740
559 300
559 400
559 586
559 72
559 111
559 64
559 786
559 125
559 303
559 264
559 299
559 57
559 256
559 193
559 107
559 25
559 304
559 51
559 302
559 894
559 420
559 56
559 73
559 223
559 335
559 32
559 345
559 259
559 52
559 251
559 337
559 282
559 13
559 141
559 353
559 407
559 580
559 267
559 188
559 501
564 6
564 588
564 54
564 201
564 548
564 188
564 696
564 460
564 58
564 163
564 53
564 167
564 476
564 656
564 543
564 64
564 121
565 82
565 416
565 19
565 782
565 785
565 95
565 556
565 332
565 675
565 233
565 806
565 446
565 507
565 1075
565 46
565 501
565 425
565 519
565 1022
565 218
565 258
565 307
565 75
565 259
565 628
565 489
565 37
565 254
565 156
565 79
565 128
565 603
574 188
574 121
574 190
574 476
574 185
574 1017
574 460
574 187
574 97
574 755
574 592
574 540
574 575
574 691
574 258
574 186
574 201
574 204
574 130
574 208
574 158
574 545
574 101
574 498
574 178
574 524
585 246
585 1208
585 580
585 19
585 489
585 46
585 37
585 66
585 425
585 446
585 79
585 1025
585 233
585 764
585 885
585 603
585 288
585 109
585 258
585 798
585 499
585 1076
585 108
585 507
585 1207
585 493
585 393
585 75
585 95
585 128
585 151
585 12
585 838
585 254
585 1261
585 441
585 184
585 183
585 24
585 146
585 501
585 806
585 173
588 1058
588 415
588 78
588 230
588 301
588 242
588 849
588 364
588 523
588 121
588 68
588 202
588 860
588 81
588 475
588 486
588 186
588 987
588 208
588 321
588 225
588 614
588 385
588 171
588 190
588 85
588 193
588 613
588 696
588 421
588 423
588 281
588 263
588 488
588 120
588 131
588 323
588 579
588 98
588 591
588 1116
588 636
588 1047
588 816
588 586
588 796
588 272
588 224
588 116
588 519
588 371
588 446
588 809
588 810
588 357
588 50
588 350
588 971
588 293
588 6
588 661
588 106
588 26
588 454
588 561
588 341
588 84
588 394
588 209
588 65
588 732
588 748
588 641
588 426
588 39
588 122
588 134
588 739
588 44
588 137
588 53
588 733
588 117
588 656
588 1102
588 807
588 537
588 89
588 1032
588 313
588 818
588 593
588 745
588 1042
588 133
588 22
588 568
588 649
588 125
588 462
588 724
588 101
588 702
588 123
588 140
588 149
588 70
588 361
588 41
588 823
588 792
588 406
588 77
588 560
588 1034
588 167
588 1137
588 246
588 546
588 670
588 660
588 474
588 183
588 107
588 20
588 58
588 544
588 100
588 778
588 10
588 522
588 173
588 548
588 166
588 404
588 372
588 14
588 207
588 93
588 111
591 1029
591 72
591 218
591 493
591 78
591 183
591 14
591 184
591 602
591 805
591 300
591 60
591 128
591 67
591 473
591 130
591 64
591 262
591 350
591 206
591 247
591 526
591 558
591 409
591 511
591 401
591 217
591 225
591 603
591 68
591 32
591 65
591 182
591 83
591 176
591 66
591 107
591 483
591 5
591 634
591 226
591 233
591 1260
591 384
591 173
591 400
591 99
591 590
591 256
593 641
593 716
593 167
593 190
593 102
613 121
613 165
613 5
613 64
613 624
613 50
613 254
613 99
613 887
613 300
613 1020
613 190
613 226
613 249
613 58
613 193
613 164
613 96
613 292
613 384
613 47
613 123
613 168
616 97
616 188
616 923
616 452
616 508
616 586
616 190
616 1017
616 202
616 894
616 191
616 644
616 183
616 165
616 167
616 460
616 682
616 208
616 1069
616 689
616 121
616 606
616 186
616 163
616 185
618 130
618 16
618 56
618 84
618 181
618 263
618 311
618 177
618 123
618 32
618 65
618 58
618 318
618 523
618 39
618 70
618 127
618 809
618 696
618 37
618 116
618 301
618 59
618 401
618 193
618 138
618 223
618 220
618 427
618 368
618 373
618 385
618 747
618 93
618 124
618 656
618 474
618 211
618 750
618 72
618 117
618 281
618 299
618 96
618 41
618 291
618 351
618 50
618 295
618 593
618 420
618 329
618 34
618 9
618 100
618 42
618 631
618 428
618 238
618 64
618 924
618 27
618 860
618 5
618 230
618 92
618 388
618 53
618 74
618 406
618 6
618 414
618 98
618 85
618 14
618 262
618 167
618 52
618 149
618 380
618 111
618 13
618 272
618 10
618 507
618 43
618 447
618 276
618 319
618 371
618 310
620 301
620 1266
620 101
620 438
620 365
620 555
620 207
620 6
620 412
620 709
620 1191
620 767
620 291
620 601
620 208
620 209
620 1165
620 652
620 40
620 50
620 493
620 351
620 543
620 220
620 81
620 380
620 792
620 618
620 9
620 539
620 724
620 712
620 771
620 375
620 1101
620 847
620 1190
620 423
620 733
620 711
620 167
620 13
620 84
620 1128
620 644
620 1209
620 1163
620 181
620 53
620 742
620 117
620 85
620 714
620 845
620 1185
620 704
620 641
620 230
620 134
620 706
620 77
620 721
620 58
620 1042
620 371
620 20
620 486
620 197
620 1039
620 350
620 74
623 58
623 184
623 256
623 78
623 272
623 149
623 100
623 138
623 226
623 354
623 317
623 173
623 53
623 65
623 86
623 112
623 99
623 64
623 6
623 125
623 107
623 255
623 81
623 384
623 321
623 121
623 233
623 16
623 298
625 85
625 121
625 136
625 325
625 105
625 112
625 328
625 272
625 278
625 8
625 371
625 31
625 54
625 350
625 53
625 34
625 257
625 183
625 268
625 107
625 220
625 13
625 93
625 96
625 261
625 58
625 368
625 51
625 501
625 259
625 146
639 158
639 270
639 176
639 95
639 262
639 307
639 813
639 880
639 303
639 19
639 628
639 9
639 489
639 446
639 267
639 184
639 299
639 749
639 140
639 635
639 409
639 414
639 519
639 264
639 43
639 603
639 258
639 13
639 321
639 304
639 67
639 272
639 316
639 329
639 491
639 183
639 275
639 885
639 99
639 493
639 471
639 173
639 128
639 84
639 24
639 819
639 296
639 580
639 718
639 80
639 300
644 130
644 572
644 188
644 532
644 207
644 54
644 58
644 645
644 6
644 649
644 361
644 696
644 121
644 175
644 503
644 1259
644 192
644 695
644 64
644 181
644 644
644 894
644 991
644 776
644 53
644 655
644 455
644 1054
644 656
644 31
644 769
644 676
644 1093
644 174
644 413
644 418
644 1096
644 608
644 179
650 352
650 377
650 51
650 58
650 74
650 278
650 387
650 581
650 78
650 257
650 226
650 901
650 268
650 295
650 32
650 60
650 73
650 793
650 21
650 523
650 667
650 167
650 97
650 419
650 99
650 105
650 814
650 112
650 146
650 100
650 9
650 27
650 334
650 259
650 364
650 93
650 423
650 85
650 107
650 311
650 236
650 838
650 370
650 17
650 329
650 292
650 8
650 797
650 57
650 396
650 464
650 53
650 115
650 319
650 228
650 353
650 384
650 299
650 10
650 190
650 272
650 281
650 249
650 543
650 70
650 230
650 289
650 98
650 266
650 330
650 129
650 656
650 43
650 130
650 206
650 89
650 116
650 304
650 217
650 126
650 72
650 282
650 96
650 111
650 134
650 238
650 13
650 309
650 275
650 223
650 333
650 480
650 222
650 47
650 160
650 261
655 416
655 491
655 788
655 551
655 446
655 278
655 186
655 295
655 369
659 138
659 295
659 381
659 887
659 190
659 480
659 121
659 17
659 281
659 104
659 52
659 64
659 430
659 47
659 2
659 449
659 355
659 223
659 550
659 316
659 800
659 523
659 90
659 97
659 87
659 59
659 34
659 32
659 222
659 167
659 622
659 105
659 119
659 56
659 591
659 477
659 482
659 266
659 134
659 472
659 186
659 491
659 260
659 311
659 96
659 263
659 506
659 78
659 147
659 385
659 895
659 83
659 8
659 9
659 558
659 315
659 368
659 13
659 16
659 984
659 859
659 250
659 219
659 21
659 344
659 406
659 478
659 280
659 51
659 238
659 642
659 945
659 100
659 233
659 261
659 529
659 384
659 19
659 220
659 140
659 145
659 128
659 464
659 321
659 27
659 14
659 207
659 5
659 461
659 306
659 302
659 72
659 117
659 459
659 247
659 740
659 300
659 264
659 272
659 588
659 626
659 892
659 335
659 6
659 206
659 125
659 631
659 65
659 401
659 732
659 757
659 286
659 42
659 274
659 423
659 269
659 251
659 304
659 374
659 294
659 329
659 718
659 273
659 57
659 107
659 333
660 167
660 230
660 9
660 344
660 58
660 384
660 222
660 186
660 272
660 217
660 41
660 686
660 126
660 813
660 44
660 31
660 79
660 190
660 70
660 547
660 305
660 20
660 43
660 228
660 8
660 1002
660 13
660 496
660 676
660 134
660 85
660 226
660 561
660 225
660 125
660 501
660 387
660 53
660 54
660 416
660 93
660 586
660 32
660 131
663 371
663 53
663 734
663 476
663 810
663 634
663 74
663 656
663 211
663 384
663 513
663 3
663 515
663 177
663 495
663 180
663 190
663 34
663 68
663 632
663 196
663 186
663 17
663 568
663 206
663 804
663 58
663 899
663 447
663 64
663 655
663 985
663 475
663 420
663 8
663 208
663 641
663 50
663 894
663 27
663 401
663 251
663 643
663 511
663 59
663 47
663 478
663 42
663 361
663 91
663 593
663 81
663 181
663 167
663 193
663 14
663 664
663 253
663 130
663 1173
663 123
663 6
663 148
663 600
663 106
663 672
663 9
663 192
663 188
663 586
663 111
663 649
663 96
663 801
663 5
663 451
663 697
663 254
663 13
663 501
663 698
663 56
667 182
667 102
667 414
667 76
667 186
667 193
667 10
667 303
667 263
667 286
667 283
667 59
667 190
667 107
667 32
667 128
667 9
667 97
667 84
667 206
667 372
667 132
667 173
667 56
667 586
667 471
667 262
667 253
667 299
667 184
667 51
669 34
669 203
669 256
669 64
669 185
669 98
669 328
669 116
669 327
669 275
669 59
669 206
669 403
669 430
669 5
669 167
669 309
669 384
669 261
673 207
673 208
673 97
673 201
673 165
673 202
673 178
673 508
673 192
673 158
673 190
673 586
673 195
673 163
673 588
673 123
673 264
673 183
673 187
673 649
673 203
673 167
673 596
673 894
673 65
675 176
675 310
675 254
675 538
675 786
675 802
675 202
675 551
675 201
675 666
675 193
675 592
675 246
675 183
675 596
675 165
675 128
675 508
675 299
675 158
675 97
677 181
677 662
677 643
677 50
677 1102
677 341
677 985
677 112
677 572
677 101
677 640
677 976
677 511
677 188
677 20
677 641
677 74
677 93
677 154
677 235
677 656
677 243
677 253
677 776
677 601
695 361
695 692
695 540
695 197
695 684
695 881
695 204
695 160
695 178
695 208
695 158
695 688
695 101
695 883
695 209
695 185
695 640
695 682
695 658
695 203
713 187
713 202
713 201
713 185
713 97
713 586
713 190
720 121
720 189
720 881
720 844
720 176
720 586
720 755
720 185
720 475
720 866
720 183
720 686
720 101
720 575
720 187
720 186
720 196
720 596
720 190
720 927
720 178
720 545
720 158
722 76
722 543
722 74
722 181
722 20
722 503
722 361
722 604
722 605
722 341
722 511
722 130
722 600
722 475
722 187
722 183
722 1178
722 68
722 728
722 192
722 465
722 611
722 656
722 572
722 6
726 298
726 1061
726 187
726 698
726 50
726 207
726 68
726 570
734 117
734 78
734 364
734 281
734 9
734 887
734 528
734 13
734 523
734 573
734 85
734 486
734 491
734 519
734 220
734 193
734 92
734 72
734 258
734 184
734 641
734 368
734 262
734 384
734 249
734 167
734 311
734 261
734 81
734 298
734 84
734 365
734 208
734 272
734 293
734 2
734 398
734 77
734 173
734 171
734 464
734 6
734 257
734 58
741 420
741 414
741 127
741 184
741 67
741 208
741 78
741 299
741 486
741 13
741 298
741 53
741 41
741 14
741 58
741 32
741 206
741 140
741 85
741 638
747 23
747 273
747 1143
747 310
747 168
747 116
747 27
747 317
747 302
747 829
747 425
747 25
747 512
747 400
747 478
747 55
747 299
747 499
747 632
747 825
747 803
747 162
747 98
747 292
747 419
747 834
747 385
747 289
747 193
747 809
747 182
747 519
747 198
747 261
747 15
747 233
747 2
747 704
747 298
747 725
747 247
747 216
747 132
747 388
747 78
747 787
751 140
751 28
751 186
751 437
751 262
751 522
751 765
751 499
751 278
751 281
751 149
751 501
751 354
751 666
751 58
751 130
751 14
751 263
751 233
751 219
751 53
751 272
751 237
751 106
751 742
751 70
751 97
751 99
751 230
751 479
751 236
751 54
751 727
751 77
751 92
751 293
751 496
751 741
751 315
751 521
751 185
751 971
751 141
751 65
751 133
751 371
751 636
751 9
751 93
751 84
751 519
751 416
751 385
751 656
751 52
751 426
751 107
751 17
751 1135
751 483
751 117
751 280
751 523
751 13
751 323
751 223
751 73
751 134
751 344
751 32
751 85
751 392
751 225
751 38
751 308
751 373
751 243
751 314
751 68
751 6
751 660
751 258
751 260
751 364
751 1082
751 78
751 222
751 2
751 86
751 384
751 125
751 298
751 372
751 157
752 190
752 572
752 210
752 203
752 208
752 202
752 516
752 160
752 166
752 176
752 195
752 538
752 204
752 878
752 975
752 676
752 658
752 692
752 185
752 361
752 201
752 502
752 592
752 191
752 573
752 194
752 97
752 349
752 515
752 881
752 1099
752 347
752 927
766 363
766 206
766 274
766 43
766 8
766 430
766 381
766 64
766 282
766 325
766 236
766 193
766 217
766 323
766 82
766 289
766 190
766 59
766 70
766 318
766 126
766 19
766 814
766 311
766 421
766 416
766 47
766 27
766 480
766 56
766 464
766 491
766 313
766 330
766 134
766 100
766 561
766 484
766 353
766 16
766 42
766 58
766 309
766 420
766 84
766 53
766 260
766 72
766 303
766 268
766 34
766 237
766 387
766 419
766 251
766 140
766 300
766 36
766 146
766 667
766 292
766 116
766 304
766 60
766 257
766 225
766 93
772 498
772 361
772 167
772 187
772 586
772 201
772 209
772 210
772 190
775 183
775 121
775 358
775 97
775 190
775 191
775 682
775 361
775 188
775 588
775 195
775 201
775 508
775 167
775 545
775 586
775 475
775 538
778 74
778 111
778 133
778 92
778 374
778 105
778 157
778 78
778 13
778 51
778 9
778 251
778 211
778 426
778 106
778 10
778 319
778 84
778 52
778 131
778 345
778 335
778 70
780 574
780 305
780 2
780 57
780 98
780 206
780 368
780 545
780 220
780 288
780 41
780 85
780 329
780 42
780 275
780 311
780 184
780 65
780 293
780 423
780 183
780 690
780 354
780 223
780 193
780 10
780 282
780 281
780 125
780 464
780 78
780 257
780 107
780 84
780 13
780 167
780 58
784 97
784 361
784 640
784 165
784 163
784 686
784 167
784 190
784 187
784 573
784 475
784 586
784 644
784 121
784 649
784 1133
784 189
784 188
784 508
784 201
784 515
784 516
784 197
784 204
784 185
784 191
784 195
787 187
787 189
787 194
787 178
787 200
787 361
787 676
787 202
787 516
787 508
787 649
787 188
787 121
787 572
787 689
787 456
787 167
787 509
787 573
787 101
794 158
794 545
794 253
794 58
794 60
794 300
794 152
794 441
794 241
794 549
794 50
794 97
794 28
794 91
794 324
794 64
794 184
794 53
794 24
794 473
794 55
794 182
794 569
794 35
794 235
794 63
794 177
794 83
794 932
794 80
794 54
794 42
794 609
794 259
794 130
801 672
801 361
801 649
801 207
801 208
801 188
801 475
801 209
801 166
801 192
801 185
801 505
801 515
801 683
801 682
801 658
801 167
801 101
801 210
809 190
809 192
809 183
809 361
809 167
809 185
809 203
809 586
809 188
809 169
810 166
810 689
810 927
810 97
810 188
810 183
810 199
810 690
822 475
822 244
822 797
822 162
822 301
822 136
822 50
822 245
822 77
822 927
825 183
825 777
825 656
825 935
825 298
828 545
828 80
828 628
828 602
828 97
828 525
828 759
828 883
828 629
828 185
828 109
828 183
828 635
828 203
828 160
828 146
828 24
828 12
828 1130
828 66
828 195
828 927
828 1070
828 241
828 297
828 108
828 755
828 79
828 596
828 165
828 416
828 186
828 191
828 253
828 473
828 501
828 310
828 204
831 17
831 528
831 53
831 475
831 50
831 1057
831 203
831 190
831 130
831 31
831 13
831 191
831 649
831 455
831 58
831 447
831 74
831 160
831 449
831 123
831 5
831 519
831 669
831 507
831 384
831 209
831 891
831 167
831 181
831 52
831 261
831 125
831 207
831 61
831 508
831 78
831 51
831 41
831 14
831 516
834 97
834 500
834 171
834 121
834 130
834 568
834 167
834 74
834 163
834 682
834 20
834 202
834 656
834 91
834 208
834 64
834 58
834 253
834 40
834 662
834 586
834 186
834 361
834 513
834 475
834 81
834 174
834 180
834 600
834 183
834 643
834 53
834 565
834 259
834 181
834 649
834 190
834 455
834 476
835 639
835 523
835 92
835 479
835 350
835 372
835 90
835 430
835 263
835 58
835 410
835 856
835 631
835 107
835 718
835 137
835 604
835 385
835 51
835 767
835 416
835 181
835 167
835 303
835 269
835 855
835 522
835 34
835 206
835 370
835 251
835 330
835 16
835 190
835 368
835 220
835 32
835 268
835 27
835 661
835 125
835 10
835 98
835 193
835 299
835 457
835 68
835 420
835 802
835 1057
835 72
835 81
835 270
835 100
835 96
835 254
835 84
835 273
835 528
835 116
835 64
835 909
835 472
835 318
835 451
835 182
835 319
835 293
835 43
835 42
835 133
835 422
835 374
835 99
835 187
835 632
835 965
835 342
835 9
835 13
840 261
840 150
840 728
840 220
840 247
840 328
840 43
840 365
840 46
840 793
840 944
840 642
840 225
840 9
840 257
840 419
840 100
840 521
840 311
840 136
840 600
840 72
840 276
840 464
840 308
840 287
840 182
840 65
840 310
840 295
840 267
840 561
840 947
840 258
840 144
840 60
840 364
840 401
840 164
840 95
840 251
840 313
840 662
840 309
840 75
840 14
840 51
840 259
840 190
840 523
840 459
840 407
840 472
840 238
840 149
840 392
840 428
840 426
840 5
840 508
840 489
840 70
840 228
840 297
840 116
840 74
840 248
840 165
840 519
840 294
840 272
840 25
840 825
840 329
840 300
840 354
840 134
840 105
840 281
840 58
840 479
840 10
840 264
840 304
840 107
840 296
840 130
840 66
840 268
840 316
840 56
840 374
840 24
840 569
840 2
840 385
840 78
840 1077
840 463
840 37
840 34
840 887
840 289
840 384
840 390
840 425
840 255
840 333
840 484
840 371
840 269
840 64
840 282
840 628
840 19
840 157
840 320
840 18
840 430
840 47
840 736
840 291
840 21
840 409
840 631
840 556
840 246
840 93
840 90
840 126
840 802
840 420
840 32
840 206
840 63
840 609
840 355
840 152
840 27
840 275
840 226
840 617
840 274
840 362
840 57
840 416
840 13
840 16
840 278
840 230
841 191
841 572
841 160
841 183
841 190
841 524
841 361
841 188
841 210
841 1096
841 640
841 475
841 167
841 176
841 452
841 649
841 586
841 994
841 121
841 185
841 186
841 894
841 865
842 101
842 97
842 160
842 565
842 573
842 167
842 1292
842 505
842 176
842 212
842 509
842 203
842 551
842 185
842 165
842 927
842 190
842 475
851 995
851 1097
851 962
851 575
851 195
851 475
851 165
852 244
852 543
852 54
852 20
852 413
852 64
852 539
852 1055
852 259
852 53
852 58
852 707
852 943
852 724
852 676
852 15
852 50
852 656
852 6
852 406
852 130
852 276
852 31
852 547
863 166
863 994
863 692
863 755
863 927
863 475
863 586
863 649
863 158
863 205
863 121
863 207
863 538
863 515
863 1249
863 516
863 167
863 208
863 573
863 204
863 101
863 176
863 1099
863 505
863 212
863 196
863 192
863 195
863 1285
863 434
863 188
863 844
863 191
863 201
863 1292
863 361
863 187
863 185
863 190
863 183
863 672
863 682
863 508
863 186
863 210
863 460
863 923
863 821
864 363
864 70
864 126
864 407
864 478
864 86
864 735
864 233
864 329
864 211
864 8
864 646
864 41
864 747
864 25
864 112
864 134
864 384
864 71
864 385
864 9
864 96
864 421
864 404
864 116
864 5
864 275
864 272
864 14
864 107
864 141
864 100
864 39
864 724
864 741
864 26
864 60
864 124
864 461
864 3
864 125
864 447
864 311
864 52
864 704
864 93
864 123
864 726
864 281
864 140
864 118
864 600
864 271
864 341
864 53
864 72
864 701
864 566
864 67
864 346
864 256
864 128
864 227
864 373
864 7
864 786
864 219
864 2
864 231
864 449
864 183
864 406
864 266
864 120
864 229
864 424
864 220
864 419
864 522
864 68
864 548
864 73
864 32
864 133
864 744
864 348
864 17
864 51
864 742
864 372
864 787
864 560
864 543
864 13
864 401
864 55
864 77
864 623
864 413
864 238
864 433
864 454
864 550
864 485
864 414
864 84
864 144
864 98
864 117
864 82
864 740
864 29
864 473
864 420
864 10
864 499
864 1101
864 475
864 426
864 90
864 388
864 529
864 102
864 193
864 136
864 309
864 351
864 64
864 323
864 99
864 423
864 750
864 773
864 15
864 147
864 254
864 241
864 104
864 319
864 696
864 569
864 105
864 368
864 81
864 54
864 520
864 523
864 656
864 85
864 321
864 115
864 536
864 206
864 998
864 310
864 65
864 458
864 78
864 27
864 245
864 149
864 313
864 418
864 222
864 37
864 400
864 111
864 345
864 20
864 451
866 540
866 176
866 592
866 202
866 586
866 165
870 190
870 403
870 461
870 59
870 174
870 209
870 519
870 492
870 50
870 233
870 5
870 141
870 130
870 778
870 92
903 130
903 193
903 56
903 712
903 144
903 479
903 53
903 174
903 208
903 72
903 34
903 42
903 93
903 274
903 449
903 102
903 543
903 786
903 87
903 767
903 403
903 475
903 784
903 27
903 259
903 539
903 287
903 16
903 67
903 171
903 47
903 617
903 3
903 238
903 32
903 251
903 256
903 804
903 400
903 109
903 146
903 1058
903 5
903 175
903 212
903 83
903 90
903 38
903 123
903 477
903 664
903 65
903 601
903 131
903 141
903 12
903 21
903 100
903 60
903 217
903 778
903 68
903 206
903 261
903 103
903 483
903 282
903 185
903 125
903 254
903 64
903 738
903 253
903 59
903 764
903 284
903 662
903 1277
903 414
903 58
915 167
915 101
915 588
915 586
915 202
915 508
915 183
915 185
915 456
931 1010
931 165
931 476
931 500
931 184
931 473
931 259
931 498
931 516
931 202
931 179
931 64
931 173
931 188
931 595
931 183
931 186
931 164
931 607
931 451
931 475
931 175
931 586
931 624
931 511
931 53
931 176
931 24
931 455
931 508
931 201
931 418
931 130
931 189
931 167
931 185
931 592
931 190
931 54
932 43
932 74
932 226
932 182
932 893
932 342
932 793
932 96
932 944
932 327
932 308
932 1219
932 118
932 483
932 255
932 1073
932 416
932 537
932 87
932 367
932 407
932 272
932 90
932 157
932 1208
932 735
932 349
932 328
932 378
932 257
932 259
932 1077
932 306
932 1002
932 225
932 21
932 85
932 131
932 27
932 99
932 7
932 459
932 295
932 1300
932 333
932 263
932 317
932 9
932 749
932 298
932 612
932 607
932 217
932 251
932 316
932 510
932 1301
932 228
932 381
932 667
932 403
932 409
932 580
932 757
932 296
932 396
932 354
932 32
932 806
932 383
932 802
932 280
932 78
932 230
932 290
932 814
932 24
932 98
932 304
932 387
932 430
932 261
932 479
932 278
932 14
932 536
932 419
932 425
932 286
932 233
932 268
932 140
932 506
932 112
932 25
932 287
932 236
932 130
932 13
932 247
932 355
932 384
932 72
932 264
932 206
932 238
932 299
932 137
932 1155
932 75
932 249
932 916
932 353
932 105
932 245
932 292
932 8
932 374
932 289
932 115
932 282
932 19
932 17
932 288
932 305
932 464
932 270
932 370
932 303
932 3
932 132
932 311
932 57
932 582
932 144
932 315
932 128
932 892
932 275
932 550
932 266
932 1076
932 1207
932 556
932 66
932 276
932 222
932 146
932 126
932 95
932 16
932 422
932 273
932 129
932 309
932 390
932 1074
932 302
932 256
932 364
932 267
932 70
932 348
932 329
932 47
932 307
932 813
932 838
932 709
932 887
932 50
932 274
932 253
932 136
932 260
932 1025
932 300
932 484
932 662
932 51
932 125
932 472
934 58
934 68
934 51
934 164
934 2
934 105
934 283
934 115
934 586
934 133
934 102
934 130
934 662
934 367
934 118
934 772
934 482
934 149
934 126
934 125
934 355
934 1076
934 13
934 300
934 270
934 477
934 39
934 230
934 700
934 741
934 419
934 398
934 14
934 287
934 368
934 70
934 701
934 556
934 633
934 901
934 519
934 372
934 21
934 37
934 185
934 276
934 54
934 19
934 181
934 291
934 85
934 43
934 36
934 226
934 299
934 116
934 400
934 248
934 83
934 484
934 316
934 742
934 870
934 704
934 186
934 675
934 138
934 290
934 217
934 345
934 222
934 258
934 560
934 1155
934 25
934 324
934 225
934 352
934 468
934 552
934 47
934 95
934 627
934 57
934 582
934 117
934 466
934 263
934 92
934 321
934 927
934 183
934 260
934 150
934 542
934 233
934 550
934 802
934 72
934 288
934 340
934 895
934 165
934 335
934 464
934 52
934 78
934 420
934 366
934 32
934 17
934 8
934 53
934 309
934 295
934 663
934 302
934 307
934 388
934 281
938 530
938 167
938 664
938 475
938 605
938 669
938 53
938 703
938 670
938 20
938 548
938 715
938 162
938 455
938 64
938 68
938 568
938 682
938 645
938 611
938 184
938 58
938 503
938 112
938 792
938 6
938 197
938 511
938 208
938 702
938 1032
938 74
938 121
938 624
938 658
938 373
938 642
938 543
938 130
938 614
938 50
938 177
938 532
938 62
938 604
938 54
938 652
942 656
942 319
942 491
942 220
942 695
942 299
942 262
942 366
942 202
942 275
942 189
942 92
942 447
942 724
942 263
942 252
942 261
942 85
942 694
942 107
942 887
942 300
942 165
942 311
942 77
942 58
942 1002
942 368
942 206
942 715
942 893
942 586
942 121
942 100
942 264
942 354
942 268
942 316
942 689
942 301
942 186
942 13
942 190
942 574
942 364
942 65
942 464
942 111
942 187
942 508
942 913
942 282
942 125
942 278
942 188
942 385
942 171
942 226
942 249
942 76
942 484
942 193
942 51
942 620
942 257
942 676
