4 165
4 205
4 206
4 197
4 207
4 208
4 58
4 209
4 210
4 188
4 121
4 200
4 211
4 195
4 212
4 213
4 214
4 215
4 166
7 427
7 428
7 92
7 429
7 430
7 431
7 432
7 16
7 433
7 225
7 434
7 282
7 435
7 436
7 437
7 438
7 57
7 21
7 439
7 440
7 441
7 121
7 8
7 442
7 443
7 444
7 445
7 446
7 224
7 447
7 448
7 123
7 206
7 449
11 162
11 492
11 493
11 494
11 495
11 496
11 497
11 129
11 498
11 225
11 387
11 368
11 144
11 3
11 394
11 226
11 499
11 43
11 101
11 500
11 132
11 16
11 501
11 502
11 130
11 503
11 419
11 504
11 505
11 99
11 170
11 127
11 506
11 41
11 507
11 122
11 72
11 508
11 233
11 220
11 224
11 509
11 354
11 489
11 14
11 121
11 510
11 449
11 474
11 511
11 65
11 512
11 206
11 181
11 183
11 128
11 513
11 408
11 514
11 384
11 81
11 418
11 515
11 516
11 303
11 236
11 126
11 517
11 486
11 518
11 193
11 519
11 84
11 520
11 521
11 299
11 313
11 32
11 166
11 258
11 404
11 134
11 350
11 133
11 22
11 118
27 455
27 6
27 670
27 40
27 259
27 130
27 132
27 671
27 71
33 192
33 682
33 121
33 167
33 163
33 475
33 573
33 683
33 640
33 197
33 194
33 644
33 210
33 200
33 208
33 188
38 77
38 192
38 222
38 39
38 386
38 365
38 107
38 699
38 700
38 220
38 527
38 678
38 364
38 544
38 701
38 360
38 350
38 702
38 703
38 301
38 351
38 704
38 50
38 543
38 117
38 642
38 705
38 375
38 281
38 84
38 41
38 149
38 100
38 706
38 319
38 420
38 707
38 641
38 11
38 233
38 368
38 394
38 371
38 708
38 709
38 710
38 167
38 711
38 437
38 662
38 399
38 462
38 712
38 713
38 714
38 52
38 291
38 208
38 649
38 207
38 715
38 716
38 717
38 321
38 718
38 224
38 719
38 137
38 720
38 555
38 721
38 640
38 369
38 324
39 586
39 722
39 121
39 475
39 202
39 167
39 606
39 160
39 97
39 572
39 207
39 208
39 185
39 540
56 6
56 301
56 552
56 734
56 93
56 112
56 369
56 26
56 85
56 567
56 420
56 385
56 129
56 99
56 13
56 133
56 65
56 406
56 770
56 50
56 447
56 9
56 117
56 704
56 543
56 646
56 77
56 474
56 53
56 17
56 740
56 496
56 14
56 245
56 593
56 224
56 105
56 458
56 107
56 207
56 2
56 771
56 371
56 233
56 527
56 230
56 124
56 561
56 121
56 68
56 136
56 772
56 74
56 423
56 394
56 5
56 20
56 729
56 272
56 388
56 220
56 27
56 319
56 345
56 348
56 100
56 125
56 773
56 709
56 656
56 72
56 211
56 134
56 244
56 256
56 618
56 749
56 96
56 335
56 106
56 401
56 111
56 222
56 238
56 774
56 52
56 47
56 223
56 78
56 41
56 560
56 373
56 188
56 141
56 219
56 715
56 181
56 661
56 775
56 584
56 284
56 58
56 7
56 39
56 323
56 640
56 60
56 455
56 343
56 92
56 350
56 662
56 84
56 572
58 601
58 48
58 57
58 426
58 305
58 72
58 70
91 278
91 84
91 299
91 85
91 220
91 295
91 358
91 105
91 191
91 111
91 898
91 452
91 261
91 287
91 117
91 226
91 450
91 53
91 195
91 129
91 894
91 5
91 268
91 13
91 374
91 100
91 460
91 167
91 193
91 8
91 259
91 368
91 206
91 329
91 282
91 290
91 327
91 370
91 43
91 96
91 384
91 56
91 9
91 64
91 125
91 387
91 58
91 272
91 266
91 447
91 42
91 59
91 523
91 78
91 402
91 192
91 508
91 522
91 41
91 333
91 414
91 353
91 275
91 420
91 897
91 682
91 574
91 188
91 303
91 475
91 27
91 65
94 566
94 682
94 111
94 500
94 414
94 341
94 217
94 804
94 204
94 147
94 485
94 70
94 202
94 750
94 10
94 90
94 800
94 15
94 394
94 54
94 900
94 401
94 38
94 55
94 167
94 222
94 478
94 447
94 58
94 369
94 225
94 333
94 89
94 61
94 324
94 121
94 732
94 615
94 314
94 44
94 602
94 232
94 117
94 451
94 95
94 604
94 454
94 284
94 40
94 119
94 374
94 233
94 238
94 421
94 724
94 127
94 109
94 904
94 92
94 622
94 663
94 102
94 787
94 856
94 322
94 501
94 384
94 661
94 82
94 905
94 465
94 331
94 344
94 255
94 906
94 193
94 298
94 482
94 445
94 229
94 321
94 328
94 617
94 404
94 96
94 703
94 59
94 162
94 101
94 14
94 511
94 49
94 652
94 495
94 907
94 351
94 368
94 27
94 508
94 576
94 78
94 523
94 363
94 490
94 268
94 319
94 276
94 408
94 348
94 116
94 1
94 9
94 349
94 735
94 453
94 646
94 759
94 522
94 291
94 31
94 32
94 185
94 669
94 908
94 386
94 115
94 780
94 458
94 765
94 183
94 237
94 224
94 385
94 797
94 499
94 752
94 159
94 400
94 474
94 250
94 809
94 518
94 909
94 126
94 93
94 343
94 764
94 60
94 496
94 206
94 910
94 337
94 3
94 365
94 762
94 128
94 450
94 301
94 426
94 911
94 521
94 28
94 392
94 912
94 516
94 666
94 323
94 20
94 175
111 192
111 166
111 167
111 203
111 97
111 475
111 158
111 121
111 586
111 209
111 185
111 178
111 183
111 189
121 24
121 132
121 207
121 139
121 184
121 53
121 167
121 606
121 641
121 777
121 68
121 54
121 58
121 123
121 586
121 193
121 163
125 88
125 37
125 133
125 621
125 41
125 620
125 547
125 657
125 293
125 473
125 740
125 257
125 141
125 704
125 58
125 207
125 121
125 105
125 321
125 867
125 226
125 442
125 426
125 282
125 188
125 573
125 229
125 120
125 736
125 2
125 114
125 460
125 701
125 112
134 644
134 689
134 167
134 975
134 572
134 121
134 573
134 81
134 186
134 192
134 649
134 50
134 207
134 640
134 450
146 681
146 575
146 994
146 167
146 185
146 204
146 121
146 540
146 191
146 203
146 190
146 476
146 586
146 995
146 588
146 97
146 178
167 273
167 354
167 384
167 112
167 836
167 470
167 814
167 266
167 98
167 526
167 78
167 193
167 17
167 249
167 226
167 274
167 313
167 292
167 519
167 181
167 297
167 401
167 522
167 267
167 60
167 718
167 364
167 127
167 409
167 289
167 886
167 472
167 128
167 63
167 107
167 443
167 365
179 891
179 121
179 186
179 672
179 586
179 209
179 538
179 166
179 187
179 190
179 185
179 475
179 203
179 208
179 188
179 1021
179 683
179 705
179 679
179 167
183 127
183 662
183 272
183 544
183 529
183 86
183 177
183 112
183 293
183 107
183 19
183 73
183 129
183 378
183 2
183 115
183 87
183 298
183 403
183 591
186 643
186 1028
186 54
186 776
186 413
186 176
186 921
186 515
186 9
186 553
186 545
186 655
186 87
186 751
189 297
189 282
189 820
189 329
189 14
189 151
189 51
189 573
189 798
189 925
189 50
189 806
189 307
189 4
189 278
189 464
189 757
189 471
189 311
189 1029
189 422
189 501
189 778
189 298
189 134
189 107
189 28
189 333
189 549
189 523
189 130
189 268
189 294
189 272
189 17
189 887
189 702
189 184
189 207
189 101
189 288
189 309
189 267
189 425
189 43
189 261
189 8
189 99
189 13
189 446
189 100
189 96
189 790
189 64
189 47
189 146
189 263
189 220
189 124
189 269
189 32
189 85
189 364
189 173
189 78
189 116
189 328
189 793
189 291
189 241
189 266
189 368
189 60
189 463
189 40
189 303
189 83
189 384
189 352
189 79
189 252
189 262
189 76
189 46
189 449
189 72
189 519
189 293
189 91
189 318
189 58
189 580
189 140
189 75
189 20
189 21
189 316
189 400
189 247
189 332
189 1030
189 753
189 98
189 224
189 257
189 273
189 813
189 193
189 63
189 90
189 313
189 558
189 57
189 255
189 275
189 354
189 371
189 1031
189 416
189 84
189 306
189 24
189 607
189 406
189 95
189 16
189 569
189 956
189 256
189 428
189 251
191 185
191 183
191 166
191 167
191 128
191 190
191 188
191 592
191 508
191 191
191 203
191 186
191 588
191 586
197 17
197 202
197 275
197 188
197 259
197 207
197 96
197 537
197 552
197 288
197 407
197 414
197 53
197 192
197 42
197 105
197 201
197 47
197 508
197 64
197 121
197 460
197 240
197 39
197 65
197 1036
197 13
197 335
197 186
197 125
197 214
197 167
197 382
197 773
197 454
197 226
197 41
197 129
197 476
197 115
197 111
197 85
197 329
197 27
197 689
197 772
197 117
197 87
197 178
197 406
197 190
197 58
197 427
197 872
204 107
204 203
204 163
204 586
204 72
204 880
204 286
204 681
204 164
204 66
204 185
204 165
204 158
204 575
204 95
204 193
204 1053
204 166
204 186
204 97
204 132
204 123
214 406
214 249
214 656
214 63
214 258
214 185
214 824
214 106
214 20
214 501
214 65
214 416
214 793
214 6
214 126
214 66
214 244
214 310
214 182
214 860
214 74
214 14
214 30
214 195
214 28
214 1030
214 297
214 152
214 167
214 33
214 590
214 60
214 123
214 105
214 107
214 159
214 272
214 34
214 283
214 116
214 8
214 151
214 42
214 254
214 212
214 16
214 303
214 479
214 299
214 802
214 193
214 261
214 5
214 64
214 130
214 251
214 285
214 253
214 464
214 46
214 156
214 307
214 331
214 13
214 334
214 61
214 21
214 384
214 32
214 759
214 136
214 313
214 47
214 296
214 49
214 511
214 72
214 671
214 134
214 311
214 9
214 206
214 286
214 325
214 4
214 7
214 56
214 596
214 157
214 211
214 73
215 217
215 661
215 220
215 51
215 52
215 90
215 20
215 99
215 860
215 47
215 5
215 309
215 272
215 27
215 125
215 112
215 16
215 230
215 107
215 238
215 10
215 552
215 236
215 206
215 416
215 209
215 86
215 96
215 256
215 8
215 278
215 311
215 72
215 210
215 167
215 32
215 58
215 2
215 364
215 1057
215 64
215 115
215 105
215 181
215 247
215 84
215 13
215 14
215 70
215 9
215 100
215 116
215 335
215 141
215 53
215 126
215 85
215 735
223 298
223 724
223 193
223 894
223 181
223 485
223 728
223 50
223 107
223 455
223 420
223 179
223 174
223 703
223 41
223 171
223 523
223 162
223 696
223 207
223 515
223 77
223 611
223 509
223 683
223 871
223 652
223 475
223 54
223 716
223 656
223 1067
223 1068
223 539
223 690
223 301
223 167
223 462
223 987
223 84
223 134
223 413
229 183
229 1069
229 185
229 203
229 178
229 97
229 208
229 201
229 596
229 686
229 692
234 89
234 42
234 193
234 9
234 1073
234 428
234 116
234 464
234 286
234 58
234 8
234 333
234 118
234 276
234 307
234 446
234 747
234 157
234 305
234 304
234 72
234 295
234 313
234 291
234 483
234 602
234 315
234 372
234 150
234 484
234 384
234 491
234 220
234 266
234 95
234 93
234 269
234 302
234 256
234 813
234 92
234 440
234 43
234 260
234 100
234 268
234 393
234 272
234 430
234 126
234 225
234 299
234 814
234 99
234 610
234 718
234 414
234 1074
234 281
234 510
234 34
234 895
234 41
234 292
234 27
234 228
234 1025
234 480
234 400
234 420
234 309
234 817
234 410
234 246
234 259
234 264
234 1075
234 857
234 140
234 230
234 308
234 270
234 351
234 5
234 387
234 580
234 355
234 255
234 383
234 35
234 294
234 472
234 278
234 84
234 51
234 257
234 46
234 342
234 603
234 311
234 380
234 275
234 288
234 569
234 913
234 364
234 892
234 554
234 206
234 887
234 57
234 806
234 562
234 282
234 261
234 130
234 757
234 66
234 318
234 419
234 271
234 482
234 62
234 638
234 459
234 443
234 884
234 447
234 82
234 290
234 267
234 316
234 426
234 822
234 1076
234 75
234 409
234 64
234 280
234 558
234 463
234 319
247 499
247 69
247 54
247 190
247 162
247 58
247 50
247 20
247 84
247 97
247 681
247 5
247 508
247 74
247 6
247 233
247 147
247 53
247 121
252 170
252 188
252 641
252 132
252 154
252 101
252 184
252 130
252 74
252 24
252 50
252 284
252 174
252 253
252 183
252 799
252 35
252 549
252 76
253 365
253 368
253 288
253 107
253 58
253 27
253 144
253 272
253 125
253 146
253 406
253 207
253 407
253 181
253 325
253 64
253 134
253 303
253 171
253 641
253 656
253 571
253 77
253 519
253 141
253 464
253 262
253 5
253 311
253 47
253 65
253 9
253 192
253 560
253 256
253 371
253 41
253 280
253 123
253 2
253 188
253 313
253 130
253 682
253 81
253 452
253 293
253 672
253 614
253 37
253 17
253 18
253 112
253 286
253 354
253 50
253 860
253 299
253 401
253 100
253 315
253 6
253 486
253 116
253 453
253 319
253 400
253 747
253 193
266 511
266 190
266 76
266 167
266 101
266 182
266 183
266 184
266 24
266 130
266 132
269 342
269 64
269 285
269 40
269 146
269 295
269 83
269 132
269 3
269 585
269 182
269 61
269 374
269 603
269 300
269 249
269 813
269 266
269 663
269 782
269 598
269 70
269 203
269 263
269 287
269 309
269 334
269 809
269 272
269 157
269 477
269 217
269 430
269 416
269 248
269 5
269 63
269 186
269 927
269 597
269 87
269 357
269 258
269 276
269 590
269 9
269 310
269 21
269 174
269 255
269 253
269 156
269 303
269 793
269 60
269 786
269 73
269 220
269 297
269 150
269 401
269 299
269 269
269 99
269 546
269 1103
269 495
269 234
269 257
269 130
269 671
269 492
269 250
269 837
269 247
269 270
269 314
269 206
269 51
269 264
269 67
269 428
269 16
269 787
269 1073
269 19
269 354
269 453
269 765
269 422
269 320
269 56
269 225
269 106
269 586
269 14
269 8
269 256
269 72
269 284
269 193
269 319
269 20
269 480
269 328
269 59
269 316
269 392
269 558
269 311
269 511
269 1047
269 254
269 108
269 419
269 43
269 274
269 333
269 425
269 781
269 36
269 82
269 34
269 230
269 42
269 116
269 798
269 384
269 457
269 561
269 261
269 823
269 23
269 101
269 718
269 479
269 76
269 259
276 586
276 575
276 705
276 1106
276 165
276 186
279 1038
279 23
279 734
279 236
279 309
279 129
279 97
280 392
280 50
280 64
280 729
280 513
280 715
280 801
280 128
280 17
280 736
280 702
280 211
280 407
280 186
280 111
280 272
280 183
280 867
280 363
280 251
280 529
280 74
280 656
280 269
280 77
280 726
280 744
280 1017
280 1126
280 679
280 1038
280 894
280 419
280 1127
280 494
280 242
280 945
280 737
280 615
280 626
280 1030
280 420
280 678
280 482
280 605
280 344
280 222
280 298
280 43
280 116
280 208
280 1128
280 486
280 413
280 1129
280 447
280 39
280 496
280 14
280 731
280 9
280 114
280 709
280 614
280 1130
280 913
280 15
280 955
280 212
280 725
280 319
280 1131
280 823
280 586
280 360
280 375
280 61
280 1132
280 83
280 138
280 426
280 701
280 804
280 65
280 303
280 462
280 350
280 311
280 394
280 631
280 273
280 380
280 313
280 951
280 301
280 754
280 730
280 144
280 1029
280 641
280 147
280 700
280 41
280 372
280 792
280 812
280 536
280 162
280 223
280 120
280 366
280 508
280 899
280 461
280 636
280 718
280 527
280 132
280 220
280 233
280 321
280 107
280 618
280 412
280 193
280 174
280 123
280 371
280 240
312 474
312 130
312 98
312 411
312 84
312 280
312 602
312 443
312 278
312 1000
312 9
312 244
312 290
312 392
312 8
312 895
312 441
312 425
312 355
312 815
312 139
312 100
312 260
312 257
312 116
312 206
312 384
312 17
312 263
312 286
312 97
312 293
312 272
312 306
312 366
312 311
312 238
312 354
312 184
312 313
312 409
312 95
312 251
312 491
312 353
312 379
312 464
312 226
312 82
312 264
312 855
312 390
312 218
312 309
312 463
312 371
312 267
312 37
312 266
312 7
312 105
312 860
312 459
312 27
312 667
312 416
312 78
312 282
312 507
312 1024
312 301
312 362
312 330
312 47
312 580
312 174
312 270
312 233
312 50
312 420
312 89
312 246
312 42
312 13
312 289
312 274
312 96
312 430
312 814
312 506
312 405
312 454
312 273
312 288
312 556
312 217
312 334
312 16
312 126
312 75
312 46
312 294
312 304
312 230
312 419
312 819
312 383
312 813
312 314
312 305
312 72
312 131
312 262
312 583
312 310
312 249
312 1077
312 259
312 79
312 329
312 315
312 887
312 373
312 85
312 620
312 261
312 299
312 276
312 333
312 99
312 34
312 332
312 269
312 349
312 996
312 254
312 410
312 718
312 370
312 493
312 472
312 24
312 295
312 372
312 317
312 523
312 140
312 368
312 102
312 292
312 316
312 780
312 446
312 58
312 258
312 327
312 859
312 336
312 480
312 245
312 1002
312 136
312 892
312 607
312 287
312 402
312 53
312 268
312 387
312 51
312 275
312 320
312 328
312 519
312 255
312 57
312 228
317 502
317 188
317 192
317 191
317 476
317 167
317 358
317 572
317 923
317 169
317 208
317 209
317 197
325 228
325 416
325 463
325 294
325 300
325 276
325 9
325 87
325 309
325 53
325 268
325 43
325 1155
325 274
325 16
325 327
325 288
325 92
325 248
325 150
325 230
325 253
325 21
325 819
325 206
325 289
325 247
325 64
325 51
325 251
325 255
325 183
325 130
325 364
325 272
325 63
325 491
325 236
325 10
325 58
325 401
325 663
325 34
325 430
325 302
325 257
325 7
325 97
325 37
325 238
325 328
325 838
325 353
325 895
325 278
325 287
325 286
325 57
325 8
325 292
325 521
325 250
325 374
325 275
325 49
325 244
325 85
325 445
325 303
329 130
329 297
329 164
329 9
329 65
329 259
329 97
329 76
329 174
329 556
329 188
329 165
329 190
329 53
329 401
329 123
329 272
329 51
329 146
329 136
329 63
329 13
329 167
329 172
329 475
329 183
329 57
329 414
329 185
329 58
329 220
329 64
334 171
334 384
334 112
334 82
334 1175
334 49
334 128
334 130
334 1176
334 260
334 761
334 102
334 313
334 108
334 79
334 27
334 174
334 185
334 78
334 1020
334 253
334 598
334 626
334 759
334 762
334 186
334 178
334 663
334 1177
334 826
334 319
334 334
334 300
334 74
334 222
334 259
334 182
334 454
334 419
334 730
334 299
334 255
334 1
334 72
334 41
334 294
334 440
334 661
334 483
334 234
334 70
334 558
334 392
334 101
334 167
334 501
334 134
334 176
334 479
334 1031
334 600
334 43
334 244
334 659
334 827
334 297
334 620
334 310
334 13
334 258
334 387
334 263
334 228
334 428
334 724
334 1017
334 129
334 204
334 475
334 47
334 401
334 58
334 1051
334 528
334 225
334 617
334 519
334 51
334 333
334 183
334 288
334 492
334 220
334 270
334 1014
334 782
334 164
334 25
334 64
334 272
334 152
334 20
334 257
334 21
334 212
334 9
334 190
334 181
334 844
334 147
334 16
334 142
334 586
334 472
334 123
334 565
334 115
334 193
334 927
334 165
334 268
334 393
334 65
334 8
334 106
334 590
334 224
334 1085
334 280
334 151
334 545
334 53
334 355
334 18
334 307
334 473
334 482
334 687
334 76
334 144
334 34
334 132
334 54
334 93
334 28
334 314
334 136
334 117
334 60
334 80
334 804
334 173
334 723
334 14
334 131
334 156
334 904
334 596
334 416
334 489
334 274
334 32
334 121
334 525
334 184
334 287
334 91
334 154
334 40
334 37
334 92
334 896
334 42
334 813
334 124
334 126
334 211
334 30
334 1178
334 765
334 388
334 1179
334 332
334 453
334 261
334 408
334 364
334 3
335 476
335 97
335 202
335 210
335 208
335 475
335 538
335 927
335 644
335 361
335 188
335 894
335 203
353 183
353 186
353 190
353 203
353 515
353 121
353 476
353 891
353 191
353 204
353 586
353 475
353 508
353 167
356 167
356 452
356 190
356 572
356 192
356 475
356 649
356 586
356 202
356 186
356 994
356 361
356 121
356 208
363 662
363 1124
363 208
363 726
363 245
363 666
363 73
363 224
363 995
363 27
363 741
363 528
363 7
363 52
363 496
363 677
363 204
363 32
363 569
363 361
363 49
363 138
363 716
363 762
363 451
363 150
363 325
363 29
363 309
363 136
363 386
363 531
363 18
363 17
363 558
363 93
363 131
363 795
363 391
363 225
363 63
363 238
363 112
363 505
363 211
363 175
363 656
363 310
363 1190
363 622
363 384
363 455
363 210
363 416
363 750
363 971
363 449
363 378
363 333
363 453
363 938
363 550
363 469
363 16
363 759
363 85
363 13
363 696
363 156
363 14
363 275
363 749
363 561
363 345
363 483
363 669
363 244
363 372
363 105
363 58
363 86
363 114
363 134
363 125
363 126
363 39
363 28
363 618
363 15
363 377
363 597
363 20
363 47
363 400
363 3
363 36
363 387
363 350
363 408
363 102
363 554
363 96
363 123
363 91
363 185
363 235
363 223
363 1080
363 473
363 64
363 216
363 518
363 313
363 33
363 84
363 566
363 311
363 501
363 130
363 35
363 167
363 88
363 70
363 60
363 53
379 311
379 481
379 70
379 325
379 350
379 287
379 794
379 74
379 873
381 428
381 58
381 19
381 328
381 72
381 290
381 318
381 154
381 501
381 471
381 107
381 83
381 368
381 297
381 291
381 569
381 519
381 257
381 189
381 130
381 806
381 43
381 98
381 293
381 21
381 607
381 47
381 887
381 392
381 463
381 289
381 329
381 333
381 91
381 247
381 881
381 675
381 151
381 193
381 549
381 173
381 364
381 790
381 686
381 1030
381 115
381 464
381 143
381 261
381 287
381 478
381 800
381 77
381 96
381 1138
381 230
381 20
381 24
381 262
381 778
381 782
381 300
381 116
381 749
381 50
381 255
381 641
381 254
381 238
381 207
381 140
381 307
381 8
381 925
381 76
381 17
381 32
381 820
381 282
381 101
381 272
381 281
381 278
407 167
407 586
407 102
407 740
407 74
411 85
411 32
411 70
411 321
411 554
411 10
411 483
411 121
411 111
411 303
411 406
411 407
411 560
411 58
411 53
411 84
411 882
411 400
411 740
411 193
411 125
411 50
411 293
411 384
411 65
411 99
411 13
416 418
416 404
416 190
416 125
416 170
416 100
416 14
416 189
416 576
416 299
416 140
416 22
416 261
416 662
416 122
416 276
416 180
416 656
416 809
416 5
416 13
416 166
416 735
416 887
416 609
416 41
416 258
416 747
416 70
416 291
416 121
416 208
416 278
416 311
416 666
416 223
416 78
416 192
416 238
416 624
416 462
416 51
416 561
416 394
416 117
416 310
416 690
416 519
416 591
416 104
416 449
416 32
416 259
416 474
416 508
416 18
416 127
416 807
416 173
416 202
416 1085
416 426
416 496
416 1106
416 469
416 52
416 737
416 454
416 83
416 28
416 1212
416 791
416 123
416 371
416 209
416 649
416 61
416 721
416 141
416 1044
416 9
416 233
416 427
416 206
416 147
416 307
416 523
416 594
416 329
416 388
416 99
416 69
416 528
416 132
416 250
416 183
416 1213
416 50
416 64
416 1214
416 184
416 167
416 954
416 57
416 6
416 58
416 664
416 810
416 105
416 372
416 716
416 241
416 157
416 281
416 53
416 612
416 540
416 341
416 133
416 447
416 42
416 1016
416 524
416 767
416 490
416 605
416 84
416 752
416 217
416 542
416 85
416 729
416 368
416 319
416 107
416 138
416 252
416 36
416 813
416 1096
416 193
416 742
416 522
416 313
416 172
416 27
416 318
416 72
416 520
416 385
416 266
416 486
416 254
416 750
416 298
416 333
416 643
416 327
416 321
416 516
416 913
416 773
416 800
416 111
416 423
416 661
416 185
416 553
416 615
416 91
416 924
416 171
416 175
416 282
416 588
416 134
416 900
416 751
416 1215
416 179
416 102
416 384
416 983
416 560
416 17
416 527
416 401
416 130
416 826
416 187
416 354
416 65
421 309
421 238
421 61
421 76
421 1106
421 99
421 60
421 333
421 47
421 271
421 56
421 296
421 13
421 185
421 96
421 656
421 14
421 141
421 475
421 423
421 901
421 100
421 17
421 16
421 123
421 130
421 117
421 58
421 52
421 384
421 27
421 154
421 64
421 42
421 689
421 85
421 483
421 461
421 9
421 255
421 65
421 299
421 257
423 500
423 181
423 586
423 190
423 121
423 834
423 81
423 686
423 189
423 1141
423 174
423 649
423 516
423 132
423 452
423 600
423 167
423 185
423 524
423 203
423 924
423 476
423 201
423 528
423 183
423 171
423 64
423 508
423 175
423 389
423 186
423 130
423 545
423 332
423 163
423 511
440 516
440 565
440 1142
440 759
440 173
440 259
440 628
440 210
440 606
440 602
440 156
440 128
440 1221
440 508
440 167
440 1097
440 502
440 880
440 233
440 878
440 146
440 499
440 1141
440 200
440 498
440 158
440 190
440 205
440 603
440 139
440 212
440 691
440 307
440 121
440 476
440 189
440 258
444 844
444 188
444 1222
444 259
444 184
444 476
444 190
444 97
448 215
448 575
448 97
448 163
448 165
448 947
448 596
448 508
448 196
448 203
448 538
448 927
448 201
448 210
448 588
448 540
448 185
448 121
448 755
448 681
448 160
472 211
472 121
472 70
472 589
472 193
472 406
472 179
472 971
472 377
472 253
472 148
472 50
472 214
472 120
472 573
472 1220
472 114
472 74
472 44
472 682
472 123
472 84
472 448
472 427
472 420
472 210
472 167
472 807
472 672
472 117
472 741
472 644
472 85
472 1235
472 696
472 704
472 445
472 658
472 241
472 65
472 1037
472 426
472 818
472 701
472 220
472 111
472 93
472 41
472 394
472 223
472 705
472 450
472 408
475 130
475 202
475 186
475 676
475 526
475 586
475 927
475 233
475 58
475 64
475 97
475 195
475 176
489 1242
489 187
489 210
489 190
489 682
489 185
489 1218
489 923
489 434
489 655
489 452
489 975
489 1099
489 358
489 160
489 338
489 203
489 326
489 586
489 608
489 195
489 645
489 505
489 639
489 658
489 186
489 587
489 515
489 679
489 967
489 508
489 927
489 1069
489 165
489 693
489 524
489 898
489 644
489 672
489 202
517 188
517 173
517 738
517 696
517 184
517 58
517 112
517 64
517 679
517 121
517 564
517 662
517 493
517 572
517 1251
517 53
517 656
532 384
532 77
532 107
532 116
532 496
532 401
532 474
532 800
532 17
532 664
532 737
532 451
532 528
532 180
532 127
532 346
532 406
532 138
532 293
532 70
532 388
532 656
532 351
532 211
532 105
532 485
532 548
532 206
532 20
532 1021
532 329
532 810
532 904
532 423
532 132
532 1106
532 50
532 323
532 343
532 368
532 418
532 115
532 731
532 394
532 241
532 104
532 612
532 193
532 400
532 129
532 130
532 311
532 272
532 335
532 22
532 10
532 344
532 282
532 117
532 278
532 74
532 266
532 189
532 426
532 170
532 371
532 305
532 144
532 299
532 78
532 690
532 591
532 1213
532 141
532 41
532 123
532 313
532 171
532 310
532 455
532 741
532 1212
532 118
532 1215
532 9
532 659
532 364
532 524
532 39
532 427
532 64
532 765
532 385
532 553
548 730
548 543
548 751
548 656
548 6
548 840
548 965
548 777
548 171
548 181
548 845
548 465
548 568
548 1023
548 413
548 503
548 696
548 662
548 734
548 341
548 253
551 454
551 971
551 516
551 415
551 530
551 183
551 447
551 197
551 102
551 322
551 41
551 116
551 424
551 193
551 181
551 428
551 186
551 407
551 6
551 39
551 43
551 374
551 81
551 809
551 361
551 641
551 60
551 16
551 923
551 144
551 496
551 203
551 219
551 946
551 682
551 127
551 1160
551 92
551 742
551 64
551 474
551 341
551 177
551 572
551 345
551 470
551 449
551 414
551 369
551 65
551 106
551 678
551 434
551 14
551 503
551 810
551 795
551 101
551 303
551 9
551 100
551 112
551 13
551 27
551 123
551 960
551 801
551 61
551 648
551 543
551 528
551 294
551 857
551 661
551 394
551 605
551 129
551 344
551 478
551 935
551 148
551 744
551 515
551 90
551 167
551 96
551 251
551 119
551 1011
551 233
551 513
551 52
551 772
551 192
551 190
551 191
551 241
551 211
551 107
551 876
551 656
551 469
551 325
551 73
551 171
551 124
551 105
551 586
551 77
551 86
551 734
551 522
551 56
551 10
551 404
551 146
551 78
551 568
551 1161
551 924
551 938
551 622
551 591
551 120
551 910
551 560
551 149
551 204
551 84
551 751
551 423
551 573
551 773
551 208
551 2
551 353
551 531
551 284
551 384
551 664
551 87
551 331
551 966
551 872
551 765
551 453
551 625
551 42
551 860
551 737
551 301
551 74
551 485
551 869
551 696
551 537
551 373
551 206
551 767
551 70
551 529
551 420
551 343
551 207
551 919
551 715
551 335
551 29
551 511
551 1134
551 162
551 130
551 1201
551 718
551 701
551 401
551 310
551 157
551 368
551 337
551 224
551 350
551 418
551 187
551 180
551 782
551 5
551 254
551 953
551 32
551 1247
551 323
551 964
551 649
551 132
551 137
551 223
551 462
551 117
551 461
551 646
551 115
551 282
551 125
551 319
551 475
551 1058
551 188
551 730
551 111
551 906
551 217
551 523
551 110
551 900
551 216
551 174
551 406
551 122
551 118
551 600
551 739
551 253
551 47
551 17
551 385
551 818
551 240
551 147
551 59
551 121
587 165
587 190
587 682
587 188
587 676
587 208
587 639
587 450
587 1215
587 203
587 456
587 210
587 186
587 160
587 606
587 183
587 189
587 515
587 672
587 644
587 167
587 101
587 358
587 1021
587 475
587 586
587 121
587 1141
587 361
587 575
587 197
587 538
603 129
603 134
603 211
603 85
603 130
603 53
603 572
603 387
603 378
603 603
603 27
603 118
603 1102
603 223
603 1215
603 123
603 207
603 552
603 107
603 573
603 251
603 112
603 167
603 776
603 41
603 649
603 125
603 31
603 58
603 47
603 309
603 74
603 14
611 188
611 502
611 475
611 201
611 573
611 183
611 101
611 97
611 575
611 434
611 204
611 995
611 202
611 505
611 166
611 361
611 326
611 692
611 178
611 203
611 190
611 538
611 565
611 508
611 185
611 586
611 176
624 575
624 158
624 202
624 891
624 538
624 97
624 186
624 498
624 508
624 187
625 17
625 225
625 258
625 28
625 416
625 38
625 52
625 384
625 60
625 244
625 400
625 573
625 223
625 556
625 43
625 663
636 112
636 373
636 493
636 121
636 167
636 6
636 130
636 780
636 543
636 332
636 81
636 62
636 190
636 68
636 1037
636 15
643 281
643 405
643 131
643 245
643 14
643 523
643 268
643 144
643 792
643 238
643 141
643 150
643 107
643 102
643 126
643 115
643 363
643 208
643 91
643 162
643 241
643 426
643 15
643 130
643 511
643 134
643 324
643 704
643 291
643 284
643 304
643 105
643 179
643 87
643 220
643 25
643 50
643 34
643 70
643 240
643 286
643 737
643 157
643 274
643 437
643 353
643 364
643 159
643 867
643 123
643 724
643 787
643 419
643 669
643 217
643 351
643 331
643 101
643 272
643 58
643 485
643 154
643 174
643 36
643 425
643 84
643 404
643 294
643 7
643 106
643 296
643 16
643 793
643 646
643 260
643 718
643 222
643 136
643 116
643 120
643 354
643 601
643 6
643 226
643 64
643 311
643 61
643 52
643 369
643 309
643 416
643 51
643 40
643 10
643 230
643 342
643 259
643 13
643 463
643 406
643 701
643 74
643 73
643 248
643 384
643 678
643 96
643 211
643 17
643 228
643 125
643 42
643 634
643 206
643 100
643 85
643 147
643 244
643 237
643 350
643 99
643 400
643 225
643 27
643 778
643 65
643 3
643 401
643 33
645 420
645 416
645 355
645 51
645 21
645 297
645 256
645 810
645 319
645 18
645 236
645 183
645 108
645 141
645 634
645 144
645 453
645 70
645 27
645 157
645 782
645 325
645 233
645 309
645 84
645 224
645 633
645 400
645 270
645 228
645 217
645 211
645 272
645 107
645 299
645 8
645 101
645 477
645 267
645 36
645 19
645 10
645 134
645 440
645 47
645 159
645 300
645 250
645 41
645 193
645 203
645 72
645 85
645 629
645 126
645 3
645 463
645 38
645 13
645 226
645 9
645 251
645 109
645 12
645 286
645 443
645 1189
645 430
645 806
645 276
645 630
645 16
645 58
645 362
645 56
645 87
645 34
645 496
645 274
645 67
645 103
645 43
645 99
645 53
645 105
645 206
645 225
645 809
645 802
649 50
649 716
649 81
649 503
649 751
649 870
649 241
649 455
649 171
649 58
649 341
649 53
649 656
649 642
649 54
649 64
655 247
655 591
655 299
655 63
655 1106
669 307
669 274
669 117
669 188
669 299
669 187
669 7
669 315
669 123
669 58
669 50
669 20
669 477
669 244
669 40
669 285
669 286
669 42
669 53
669 70
669 259
669 21
669 162
669 333
669 353
669 368
669 28
669 278
676 111
676 282
676 573
676 53
676 209
676 572
676 167
676 201
676 136
676 656
676 52
676 637
676 586
676 85
676 476
676 286
676 58
676 50
676 188
676 54
676 116
676 193
676 7
676 728
676 676
676 705
676 927
676 134
676 5
676 41
676 1215
676 70
676 192
676 160
676 92
676 185
676 165
676 975
676 13
676 508
676 112
676 207
676 680
676 190
676 278
676 652
676 179
676 183
676 272
676 186
676 31
676 130
676 679
683 28
683 101
683 275
683 196
683 185
683 42
683 186
683 14
683 371
683 545
683 516
683 219
683 98
683 203
683 41
683 844
683 449
683 538
683 190
683 116
683 202
683 195
683 586
683 64
683 887
683 204
683 267
683 460
701 182
701 186
701 164
701 189
701 130
701 586
701 508
701 54
701 58
701 190
701 178
701 165
701 516
701 192
701 460
701 184
701 167
701 649
701 76
701 97
701 163
701 80
701 64
701 573
701 181
701 50
701 183
704 353
704 209
704 186
704 491
704 217
704 251
704 387
704 58
704 140
704 273
704 1053
704 300
704 311
704 263
704 430
704 185
704 522
704 266
704 305
704 278
704 887
704 333
704 202
704 384
704 201
704 316
704 193
704 317
704 190
704 289
704 134
704 97
704 43
704 42
704 16
704 226
704 248
704 270
704 9
704 230
704 183
704 276
704 125
704 51
704 130
704 218
704 280
704 47
704 92
704 260
704 330
704 256
704 8
708 730
708 649
708 573
708 613
708 516
708 1096
708 167
708 572
708 189
708 643
708 751
708 790
708 611
708 180
708 181
708 624
708 91
708 188
708 511
708 1010
708 121
708 540
708 728
708 20
708 460
708 112
708 1054
714 171
714 53
714 6
714 451
714 58
714 74
714 188
714 664
714 662
714 716
714 31
714 148
714 715
714 341
714 656
714 121
714 572
714 543
714 644
714 207
729 452
729 475
729 209
729 572
729 894
729 214
729 188
729 190
738 414
738 193
738 353
738 251
738 27
738 57
738 17
738 111
738 64
738 125
738 724
738 420
738 266
738 384
738 223
738 52
738 87
738 47
738 96
738 92
738 303
738 136
738 423
738 167
738 58
738 117
738 50
738 43
741 226
741 233
741 149
741 9
741 100
741 385
741 718
741 311
741 249
741 388
741 81
741 407
741 111
741 99
741 8
741 641
741 729
741 251
741 278
741 519
741 65
741 560
741 263
741 725
741 107
741 10
741 261
741 173
741 167
741 461
741 620
753 65
753 686
753 259
753 213
753 268
753 272
753 288
753 307
753 58
753 57
753 99
753 385
753 41
753 217
753 8
753 226
753 207
753 303
753 158
753 301
753 299
753 206
753 333
753 256
753 13
753 190
753 9
753 5
753 167
753 189
753 420
753 134
753 362
753 186
753 97
753 92
767 1070
767 273
767 249
767 79
767 9
767 42
767 290
767 130
767 14
767 396
767 85
767 276
767 333
767 25
767 112
767 84
767 272
767 294
767 27
767 638
767 158
767 188
767 95
767 506
767 409
767 41
767 1025
767 230
767 260
767 317
767 201
767 602
767 50
767 354
767 87
767 251
776 100
776 70
776 64
776 237
776 273
776 275
776 174
776 41
776 316
776 43
776 309
776 654
776 59
776 58
776 26
776 463
776 87
776 461
776 99
776 479
776 42
776 261
776 84
776 53
776 744
776 300
776 9
776 344
776 93
776 272
776 77
776 55
776 34
776 16
776 254
776 13
776 319
776 193
776 371
776 72
776 47
776 288
776 386
776 384
776 506
776 74
776 887
776 416
776 60
776 8
776 323
776 408
776 256
776 421
782 31
782 894
782 208
782 187
782 608
782 358
782 28
782 516
782 1278
782 649
782 508
782 1142
782 586
782 121
782 455
782 163
782 1096
782 651
782 683
782 1245
782 572
782 64
782 658
782 498
782 160
782 679
782 189
782 167
782 188
782 186
782 545
782 361
782 476
782 843
782 505
782 194
782 965
782 672
782 509
782 502
782 192
782 655
782 179
782 190
782 891
782 515
796 437
796 386
796 141
796 1027
796 160
796 344
796 348
796 800
796 305
796 1170
796 311
796 70
796 2
796 13
796 744
796 1009
796 426
796 400
796 1174
796 656
796 96
796 1001
796 573
796 1036
796 385
796 281
796 987
796 729
796 293
796 9
796 206
796 6
796 816
796 413
796 171
796 649
796 350
796 299
796 14
796 409
796 384
796 421
796 593
796 503
796 167
796 586
796 646
796 622
796 240
796 741
796 262
796 146
796 210
796 786
796 32
796 134
796 27
796 112
796 388
796 854
796 454
796 544
796 725
796 584
796 696
796 53
796 531
796 16
796 1270
796 706
796 394
796 116
796 72
796 474
796 742
796 42
796 1137
796 462
796 184
796 825
796 47
796 121
796 600
796 371
796 190
796 58
796 407
796 360
796 591
796 236
796 459
796 486
796 542
796 162
796 20
796 268
796 186
796 123
796 272
796 321
796 296
796 767
796 361
796 689
796 420
796 115
796 727
796 1228
796 138
796 99
796 711
796 252
796 222
796 455
796 39
796 561
796 175
796 41
796 129
796 31
796 745
796 560
796 620
796 128
796 278
796 543
796 56
796 406
796 54
796 52
796 552
796 404
796 181
796 387
796 249
796 227
796 111
796 735
796 30
796 261
796 78
796 193
796 771
796 523
796 876
796 85
796 86
796 81
796 319
796 971
796 301
796 330
796 447
796 662
796 255
796 223
796 188
796 65
796 860
796 749
796 451
796 313
796 107
796 145
796 5
796 273
796 199
796 105
796 418
796 275
796 751
796 372
796 475
796 887
796 869
796 258
796 220
796 990
796 457
796 77
796 149
796 572
796 849
796 464
796 411
796 574
796 219
796 472
796 104
796 17
796 64
796 298
796 318
796 192
807 348
807 281
807 656
807 223
807 365
807 341
807 31
807 133
807 343
807 1002
807 364
807 817
807 264
807 92
807 299
807 427
807 662
807 303
807 1118
807 20
807 257
807 523
807 366
807 50
807 111
807 87
807 431
807 464
807 290
807 370
807 41
807 1215
807 984
807 386
807 352
807 642
807 1264
807 301
807 700
807 1057
807 330
807 378
807 293
807 243
807 748
807 321
807 333
807 591
807 660
807 125
807 313
807 454
807 6
807 772
807 275
807 1248
807 231
807 696
807 167
807 437
807 724
807 39
807 733
807 667
807 13
807 329
807 98
807 54
807 553
807 305
807 57
807 99
807 65
807 86
807 721
807 43
807 407
807 53
807 486
807 345
807 117
807 537
807 217
807 413
807 760
807 870
807 1220
807 1128
807 112
807 85
807 371
807 445
807 860
807 282
807 1056
807 84
807 485
807 394
807 433
807 266
807 455
807 1034
807 726
807 1205
807 44
807 47
807 116
807 774
807 52
807 225
807 221
807 188
807 70
807 230
807 388
807 981
807 118
807 544
807 288
807 126
807 354
807 259
807 58
807 350
807 268
807 193
807 552
807 77
807 572
807 480
807 543
807 10
807 548
807 971
807 129
807 115
807 716
807 373
807 311
807 93
807 741
807 344
807 420
807 272
807 460
807 220
807 78
816 1068
816 682
816 167
816 208
816 1069
816 649
816 207
816 191
816 515
816 192
816 199
816 645
816 358
816 210
816 640
816 188
816 644
816 894
816 991
816 516
818 185
818 186
818 183
818 192
818 545
818 573
818 210
818 204
818 165
818 476
818 121
818 208
818 167
829 245
829 920
829 184
829 76
829 540
829 244
829 174
829 128
829 20
829 50
829 253
830 223
830 591
830 420
830 130
830 275
830 99
830 41
830 87
830 394
830 330
830 414
830 27
830 383
830 624
830 388
830 353
830 58
830 368
830 256
830 167
830 53
830 2
830 226
830 127
830 278
830 370
830 335
830 81
830 187
830 50
830 301
830 217
830 111
830 125
830 9
830 85
830 51
830 39
830 144
830 667
830 371
830 257
830 268
830 309
830 731
830 65
830 772
830 92
830 345
830 13
830 299
830 134
830 316
830 560
830 141
830 321
830 348
830 576
830 149
830 288
830 406
830 262
830 317
830 64
830 474
830 583
830 47
851 190
851 303
851 58
851 716
851 177
851 1106
851 202
851 1222
851 64
851 835
851 516
851 528
851 187
851 193
856 121
856 508
856 586
856 167
856 894
856 516
856 207
856 183
856 361
856 188
856 186
856 195
856 190
873 163
873 188
873 207
873 167
873 192
873 199
873 649
880 361
880 169
880 172
880 194
880 202
880 496
880 204
880 97
880 190
880 593
880 186
880 40
880 949
880 197
880 927
880 568
880 703
880 28
880 200
880 586
880 877
880 632
880 572
880 101
883 558
883 74
883 52
883 44
883 154
883 178
883 58
883 43
883 562
883 120
883 296
883 35
883 382
883 363
883 692
883 483
883 806
883 909
883 151
883 143
883 287
883 505
883 161
883 677
883 5
883 787
883 19
883 170
883 408
883 70
883 85
883 132
883 160
883 349
883 65
883 235
883 463
883 307
883 51
883 13
883 597
883 12
883 894
883 63
883 930
883 199
883 66
883 348
883 8
883 276
883 73
883 925
883 36
883 47
883 554
883 927
883 118
883 822
883 400
883 204
883 745
883 283
883 173
883 473
883 757
883 262
883 21
883 388
883 328
883 96
883 923
883 313
883 478
883 572
883 644
883 64
883 493
883 384
883 174
883 626
883 304
883 764
883 316
883 638
883 1252
883 130
883 634
883 1095
883 2
883 16
883 241
883 54
883 186
883 193
883 460
883 317
883 793
883 217
883 27
883 222
883 256
883 149
883 109
883 33
883 553
883 14
883 202
883 113
883 126
883 17
883 342
883 226
883 131
883 275
883 596
883 185
883 858
883 592
883 620
883 125
883 906
883 297
883 177
883 1296
883 550
883 76
883 134
883 630
883 798
883 749
883 78
883 123
883 182
883 228
883 450
883 184
883 83
883 332
883 1094
883 247
883 108
883 69
883 598
883 542
883 992
883 261
883 146
883 20
883 426
883 37
883 471
883 18
883 209
883 57
883 67
883 105
883 300
883 259
883 107
883 127
883 669
883 315
883 590
883 267
883 510
883 244
883 115
883 60
883 807
883 549
883 661
883 100
891 58
891 528
891 767
891 341
891 882
891 81
891 68
891 607
891 182
891 171
891 167
891 183
891 181
891 641
891 130
891 643
891 924
891 624
891 493
903 14
903 9
903 10
903 264
903 416
903 478
903 401
903 325
903 61
903 190
903 299
903 829
903 108
903 806
903 18
909 183
909 428
909 163
909 473
909 184
909 310
909 188
909 1025
909 254
909 75
909 46
909 24
909 695
909 218
909 843
909 690
909 128
909 95
909 489
909 649
909 35
911 206
911 371
911 70
911 226
911 16
911 13
911 526
911 220
911 895
911 523
911 74
911 47
911 78
911 144
911 37
911 446
911 190
911 348
911 724
911 660
911 27
911 603
911 49
911 295
911 92
911 10
911 286
911 8
911 328
911 96
911 519
911 556
911 225
911 261
911 860
911 483
911 157
911 131
911 85
911 636
911 107
911 820
911 238
911 222
911 365
911 134
911 115
911 51
911 99
911 20
911 401
911 384
911 25
911 72
911 278
911 249
911 750
911 344
911 625
911 141
911 281
911 309
911 292
911 126
911 324
918 793
918 886
918 225
918 603
918 63
918 184
918 428
918 357
918 786
918 84
918 262
918 66
918 1296
918 37
918 95
918 5
918 446
918 258
918 472
918 143
918 602
918 218
918 637
918 392
918 590
918 489
918 827
918 68
918 46
918 944
918 75
918 477
918 888
918 556
918 526
918 627
918 116
918 483
918 1029
918 523
918 628
918 128
918 269
918 519
918 257
918 1147
918 791
918 463
918 295
918 372
918 47
918 354
922 523
922 47
922 120
922 218
922 2
922 1116
922 86
922 371
922 118
922 321
922 547
922 20
922 1185
922 552
922 85
922 111
922 301
922 134
922 58
922 54
922 112
922 437
922 13
922 9
922 825
922 496
922 181
922 222
922 299
922 797
922 207
922 41
922 364
922 519
922 53
922 235
922 224
922 661
922 93
922 579
922 104
922 50
922 378
922 122
922 427
922 121
922 81
922 431
922 44
922 211
922 129
922 115
922 230
922 344
922 597
922 700
922 373
