1 1
1 2
1 3
1 4
1 5
1 6
1 7
1 8
1 9
1 10
1 11
1 12
1 13
1 14
1 15
1 16
1 17
1 18
1 19
1 20
1 21
1 22
1 23
1 24
1 25
1 26
1 27
1 28
1 29
1 30
1 31
1 32
1 33
1 34
1 35
1 36
1 37
1 38
1 39
1 40
1 41
1 42
1 43
1 44
1 45
1 46
1 47
1 48
1 49
1 50
1 51
1 52
1 53
1 54
1 55
1 56
1 57
1 58
1 59
1 60
1 61
1 62
1 63
1 64
1 65
1 66
1 67
1 68
1 69
1 70
1 71
1 72
1 73
1 74
1 75
1 76
1 77
1 78
1 79
1 80
1 81
1 82
1 83
1 84
1 85
5 216
5 50
5 217
5 218
5 219
5 220
5 94
5 112
5 134
5 106
5 221
5 222
5 55
5 86
5 130
5 223
5 47
5 224
5 225
5 226
5 157
5 227
5 228
5 43
5 229
5 54
5 10
5 230
5 27
5 231
5 232
5 126
5 58
5 85
5 233
5 234
5 78
5 115
5 15
5 6
5 133
5 235
5 236
5 53
5 13
21 440
21 154
21 369
21 423
21 212
21 9
21 26
21 455
21 461
21 14
21 646
21 100
21 639
21 647
21 648
21 405
21 649
21 130
21 622
21 121
21 399
21 71
21 216
21 458
21 355
21 601
21 237
21 166
21 650
21 651
21 238
21 575
21 652
21 319
21 74
21 16
21 339
21 653
21 463
21 654
21 81
21 64
21 655
21 244
21 132
21 363
21 177
21 50
23 223
23 246
23 526
23 85
23 95
23 351
23 264
23 275
23 296
23 519
23 115
23 661
23 464
23 364
23 662
23 342
23 378
23 299
23 83
23 157
23 9
23 453
23 98
23 60
23 297
23 245
23 50
23 303
23 469
23 58
23 77
23 244
23 482
23 21
23 24
23 76
23 116
23 184
23 663
23 292
23 130
23 501
23 173
23 590
23 224
23 437
23 74
23 445
23 144
23 35
23 16
23 129
23 65
23 31
23 13
23 8
23 80
23 217
23 73
23 313
23 261
23 99
23 17
23 507
23 107
23 222
23 156
23 285
23 426
23 105
23 14
23 108
23 47
23 473
23 53
23 384
23 597
23 134
24 5
24 72
24 664
24 222
24 299
24 641
24 518
24 574
24 511
24 68
24 553
24 184
24 140
24 183
24 121
24 193
24 14
24 107
24 130
24 253
24 132
24 656
24 64
24 48
24 188
24 73
24 60
24 251
24 420
24 96
24 520
24 661
24 313
24 428
24 211
24 665
24 134
24 181
24 206
24 319
24 65
24 123
24 331
24 9
24 301
24 394
24 401
24 102
24 74
24 666
24 368
24 453
24 174
24 20
24 212
30 117
30 53
30 179
30 207
30 74
30 676
30 85
30 39
30 423
30 678
30 540
35 676
35 326
35 515
35 689
35 606
35 475
35 572
35 188
67 5
67 831
67 601
67 662
67 6
67 808
67 20
67 832
67 174
67 548
67 74
67 698
67 71
67 68
67 241
67 833
67 418
67 177
67 656
76 109
76 21
76 43
76 174
76 824
76 310
76 130
76 108
76 309
76 91
76 5
76 51
76 666
76 34
76 183
76 9
76 47
76 107
76 212
76 74
76 63
76 12
76 14
76 59
76 153
76 233
76 144
76 17
92 85
92 70
92 259
92 6
92 561
92 96
92 251
92 514
92 264
92 646
92 65
92 616
92 787
92 8
92 899
92 21
92 718
92 344
92 106
92 795
92 67
92 372
92 600
92 27
92 474
92 32
92 310
92 177
92 341
92 245
92 72
92 447
92 211
92 322
92 9
92 38
92 60
92 385
92 17
92 419
92 103
92 246
92 43
92 782
92 253
92 102
92 453
92 423
92 401
92 174
92 633
92 47
92 388
92 131
92 144
92 428
92 157
92 900
92 630
92 14
92 126
92 222
92 656
92 100
92 759
92 386
92 146
92 301
92 123
92 331
92 461
92 528
92 130
92 661
92 1
92 414
92 5
92 78
92 56
92 743
92 111
92 744
92 105
92 181
92 521
92 675
92 156
92 309
92 532
92 90
92 400
92 13
92 237
92 218
92 225
92 92
92 132
92 10
92 566
92 147
92 3
92 416
92 313
92 407
92 125
92 58
92 61
92 115
92 223
92 520
92 489
92 479
92 420
92 392
92 19
92 880
92 136
92 133
92 224
92 556
92 36
113 624
113 195
113 511
113 183
113 40
113 644
113 192
113 58
113 932
113 121
113 169
118 319
118 938
118 430
118 253
118 13
118 224
118 212
118 96
118 61
118 756
118 16
118 275
118 34
118 237
118 653
118 26
118 401
118 309
118 264
118 461
118 41
118 423
118 159
118 92
118 661
118 8
118 251
118 208
118 939
118 355
118 597
118 323
118 74
118 102
118 65
118 116
118 363
118 14
118 43
118 267
118 940
118 198
118 73
118 234
118 443
118 156
118 9
118 384
118 941
118 125
118 673
118 629
118 458
118 21
118 803
118 647
118 440
118 121
118 85
118 325
118 511
118 449
118 100
118 130
118 416
118 299
119 856
119 181
119 112
119 218
119 517
119 258
119 546
119 786
119 131
119 823
119 600
119 184
119 92
119 15
119 128
119 273
119 413
119 810
119 141
119 548
119 325
119 223
119 298
119 641
119 55
119 13
119 57
119 896
119 763
119 56
119 921
119 406
119 656
119 235
119 275
119 130
119 495
119 171
119 942
119 894
119 696
119 58
119 780
119 17
119 568
119 14
119 41
119 188
119 211
119 70
119 841
119 116
119 125
119 662
119 577
119 716
119 53
119 170
119 183
119 47
119 418
119 6
119 924
119 84
119 99
119 455
119 253
119 74
119 604
119 76
119 5
119 552
119 447
119 85
119 632
119 248
119 401
119 49
119 644
119 54
130 107
130 617
130 100
130 319
130 652
130 949
130 14
130 78
130 58
130 73
130 572
130 115
130 112
130 206
130 950
130 123
130 41
130 716
130 91
130 373
130 640
130 511
130 311
130 894
130 658
130 183
130 84
130 13
130 364
130 696
130 277
130 420
130 455
130 371
130 179
130 208
130 162
130 736
130 2
130 44
130 860
130 946
130 220
130 40
130 15
130 695
130 9
130 65
130 181
130 553
130 53
130 841
130 211
130 543
130 299
130 192
130 349
130 460
130 241
130 36
130 664
130 310
130 207
130 235
130 196
130 16
130 416
130 200
130 47
130 50
130 77
130 54
130 649
130 829
130 188
130 71
130 17
130 655
130 52
130 216
130 121
130 175
130 74
130 656
130 49
145 181
145 14
145 41
145 985
145 197
145 350
145 27
145 83
145 169
145 986
145 987
145 55
145 825
145 144
145 16
145 767
145 902
145 529
145 124
145 454
145 177
145 74
145 33
145 507
145 195
145 451
145 664
145 107
145 65
145 485
145 130
145 111
145 408
145 121
145 344
145 988
145 560
145 91
145 158
145 718
145 654
145 759
145 2
145 623
145 61
145 919
145 715
145 34
145 566
145 656
145 284
145 54
145 407
145 795
145 404
145 259
145 207
145 171
145 384
145 192
145 802
145 149
145 134
145 138
145 989
145 53
145 423
145 696
145 447
145 96
145 658
145 731
145 343
145 62
145 725
145 601
145 641
145 9
145 15
145 100
145 990
145 211
145 48
145 513
145 175
145 669
145 368
157 91
157 50
157 1006
157 175
157 183
157 259
157 15
172 87
172 614
172 512
172 27
172 428
172 76
172 246
172 617
172 225
188 474
188 523
188 238
188 17
188 461
188 309
188 149
188 78
188 100
188 206
188 420
188 74
188 217
188 600
188 134
188 125
188 643
188 83
188 9
188 104
188 281
188 65
188 14
188 777
188 527
188 422
188 107
188 64
188 981
188 16
188 423
188 406
188 272
188 482
188 257
188 744
188 754
188 307
188 745
188 414
188 130
188 368
188 737
188 5
188 87
188 735
188 6
188 485
188 41
188 407
188 641
188 137
188 208
188 528
188 222
188 251
188 119
188 304
188 718
188 193
188 57
188 111
188 13
188 235
188 404
188 211
188 58
188 188
188 96
188 268
207 968
207 9
207 24
207 406
207 99
207 39
207 65
207 34
207 407
207 64
207 16
207 226
207 449
207 14
207 329
221 253
221 1011
221 67
221 195
221 1061
221 420
221 78
221 511
221 85
221 31
221 193
221 454
221 216
221 759
221 130
221 159
221 265
221 33
221 331
221 54
221 566
221 154
221 1058
221 363
221 748
221 669
221 1062
221 834
221 134
221 241
221 148
221 283
221 388
221 119
221 110
221 406
221 5
221 223
221 34
221 461
221 455
221 74
221 61
221 58
221 601
221 560
221 65
221 513
221 664
221 177
221 17
221 1063
221 171
221 10
221 671
221 140
221 53
221 385
221 951
221 376
221 568
221 106
221 13
221 26
221 125
221 765
221 676
221 73
221 414
221 778
221 971
221 91
221 40
221 123
221 549
221 14
221 345
221 521
221 656
221 52
233 635
233 259
233 1071
233 59
233 102
259 656
259 179
259 937
259 125
259 96
259 123
259 23
259 206
259 319
259 9
259 449
259 16
259 368
259 455
259 53
259 134
259 183
259 792
265 543
265 341
265 192
265 641
265 418
265 284
265 54
265 121
265 188
265 528
265 181
265 455
265 476
265 175
265 656
265 736
265 600
265 572
265 130
265 171
265 208
265 180
265 801
265 207
265 177
265 50
268 43
268 519
268 106
268 353
268 492
268 351
268 115
268 447
268 388
268 272
268 157
268 206
268 56
268 309
268 136
268 27
268 53
268 217
268 9
268 70
268 8
268 73
268 99
268 146
268 368
268 793
268 303
268 428
268 208
268 332
268 105
268 430
268 86
268 278
268 400
268 335
268 416
268 100
268 211
268 26
268 13
268 108
268 276
268 352
268 123
268 58
268 759
268 134
268 77
268 14
268 261
268 72
268 255
268 126
268 401
268 501
268 319
268 331
268 12
268 325
268 517
268 183
268 109
268 253
268 96
268 64
268 85
268 226
268 473
275 9
275 188
275 243
275 50
275 230
275 13
276 741
276 233
276 816
276 325
276 5
276 53
276 207
276 212
276 281
276 206
276 728
276 177
276 90
276 335
276 345
276 40
276 251
276 557
276 211
276 907
276 387
276 147
276 193
276 910
276 119
276 14
276 96
276 79
276 31
276 724
276 246
276 751
276 622
276 454
276 41
276 48
276 547
276 561
276 496
276 18
276 650
276 656
276 111
276 423
276 174
276 420
276 230
276 6
276 396
276 437
276 237
276 400
276 324
276 351
276 1102
276 70
276 157
276 449
276 341
276 571
276 125
276 44
276 64
276 478
276 756
276 38
276 208
276 61
276 418
276 156
276 560
276 641
276 136
276 244
276 407
276 824
276 371
276 89
276 323
276 43
276 10
276 78
276 243
276 102
276 964
276 220
276 313
276 448
276 131
276 600
276 146
276 9
276 121
276 222
276 51
276 234
276 362
276 569
276 284
276 601
276 65
276 329
276 59
276 474
276 440
276 307
276 29
276 809
276 216
276 364
276 384
276 130
276 455
276 20
276 52
276 283
276 393
276 224
276 127
276 241
276 245
276 133
276 447
276 401
276 1080
276 661
276 350
276 810
276 328
276 604
276 71
276 3
276 906
276 256
276 743
276 92
276 27
276 117
276 522
276 946
276 235
276 192
276 1
276 253
276 26
276 106
276 105
276 483
276 13
276 218
276 646
276 120
276 15
276 50
276 461
276 84
276 2
276 16
276 134
276 261
276 68
276 238
276 369
276 74
276 54
276 291
276 310
276 511
276 301
276 223
276 421
276 36
276 73
276 123
276 416
276 225
276 55
276 492
276 385
276 17
276 597
276 91
276 77
276 42
276 85
276 451
276 47
276 319
276 181
276 523
276 34
276 110
276 180
276 343
276 250
276 175
276 21
276 937
276 56
276 188
279 131
279 44
279 1107
279 348
279 495
279 1108
279 70
279 47
279 17
279 496
279 305
279 483
279 566
279 106
279 1109
279 25
279 808
279 13
279 218
279 1110
279 701
279 678
279 769
279 2
279 1111
279 244
279 789
279 1112
279 822
279 21
279 751
279 400
279 105
279 241
279 79
279 134
279 969
279 157
279 111
279 547
279 833
279 1103
279 700
279 88
279 430
279 1113
279 126
279 6
279 656
279 227
279 68
279 30
279 108
279 240
279 365
279 740
279 1083
279 28
279 446
279 1058
279 242
279 1007
279 61
279 905
279 468
279 372
279 143
279 1114
279 332
279 518
279 29
279 229
279 696
279 1115
279 1116
279 557
279 1025
279 12
279 872
279 302
279 10
279 440
279 492
279 20
279 136
279 669
279 109
279 871
279 110
279 133
279 715
279 1093
279 852
279 217
279 343
279 300
279 530
279 54
279 853
279 774
279 130
279 699
279 223
279 628
279 344
279 741
279 14
279 1117
279 407
279 196
279 698
279 1118
279 387
279 376
279 352
279 286
279 3
279 216
279 577
279 75
279 273
287 195
287 50
287 871
287 207
287 54
287 48
287 211
287 14
287 331
287 716
287 461
287 33
287 61
287 528
287 283
287 28
287 84
287 174
287 656
287 458
287 9
287 126
287 572
287 455
287 319
287 728
287 58
287 181
287 132
287 400
287 6
287 413
287 23
287 469
287 753
287 501
287 15
287 70
287 112
287 5
287 40
291 1027
291 52
291 88
291 490
291 1121
291 437
291 716
291 81
291 225
291 74
291 233
291 291
291 560
291 31
291 341
291 38
291 971
291 335
291 271
291 735
291 529
291 104
291 721
291 364
291 495
291 905
291 223
291 840
291 363
291 70
291 216
291 440
291 671
291 751
291 284
291 661
291 998
291 235
291 554
291 234
291 1034
291 778
291 181
291 665
291 243
291 968
291 14
291 400
291 867
291 131
291 103
291 958
291 13
291 674
291 120
291 84
291 416
291 311
291 61
291 67
291 371
291 931
291 138
291 787
291 461
291 542
291 62
291 404
291 229
291 1091
291 576
291 911
291 207
291 700
291 241
291 520
291 53
291 331
291 180
291 208
291 759
291 451
291 795
291 132
291 324
291 622
291 182
291 322
291 744
291 1061
291 313
291 60
291 447
291 547
291 250
291 426
291 401
291 110
291 375
291 816
291 388
291 385
291 664
291 773
291 29
291 30
291 65
291 758
291 618
291 123
291 253
291 407
291 423
291 73
291 739
291 50
291 41
291 117
291 406
291 639
291 71
291 380
291 1008
291 522
291 125
291 299
291 924
291 114
291 646
291 743
291 669
291 171
291 964
291 1144
291 220
291 701
291 76
291 678
291 656
291 2
291 130
291 420
291 154
291 49
291 851
291 211
291 40
291 78
291 920
291 343
291 345
291 575
291 539
291 319
291 19
291 397
291 952
291 100
291 941
291 937
291 392
291 503
291 85
291 1145
291 134
291 48
291 17
291 26
291 9
291 647
291 5
291 105
291 102
291 727
291 58
291 368
291 561
291 418
291 20
291 301
291 623
291 351
291 394
291 77
291 1011
291 427
291 662
291 175
291 601
291 222
291 428
291 346
291 511
291 411
297 98
297 139
297 47
297 184
297 68
297 230
297 371
297 499
297 600
297 183
297 107
297 151
297 41
297 102
297 278
297 128
297 123
297 486
297 259
297 368
297 253
297 9
297 14
297 58
297 43
297 21
297 60
297 473
297 74
297 1053
297 177
297 523
297 134
297 157
297 241
297 666
297 29
297 23
297 27
297 154
297 458
297 63
297 233
297 112
297 369
297 511
297 384
297 7
297 313
297 185
297 131
297 181
297 121
297 656
297 455
297 173
297 211
297 73
297 309
297 16
297 13
297 235
297 55
297 428
297 70
297 217
297 159
297 114
297 61
297 84
297 125
297 76
297 53
297 206
297 32
297 303
297 126
297 261
297 130
297 180
297 222
300 697
300 645
300 894
300 1089
300 54
300 1150
300 949
300 208
300 188
300 712
300 877
300 698
300 1151
300 669
337 392
337 129
337 826
337 641
337 457
337 43
337 716
337 6
337 112
337 259
337 341
337 282
337 81
337 552
337 343
337 418
337 378
337 115
337 58
337 527
337 86
337 701
337 20
342 496
342 208
342 666
342 116
342 299
342 1181
342 1182
342 61
342 181
342 21
342 72
342 14
342 77
342 147
342 245
342 333
342 401
342 23
342 78
342 400
342 366
342 159
342 1049
342 272
342 130
342 256
342 179
342 440
342 247
342 331
342 154
342 780
342 416
342 1060
342 523
342 8
342 34
342 593
342 419
342 71
342 157
342 98
342 472
342 102
342 166
342 220
342 313
342 263
342 426
342 76
342 183
342 74
342 51
342 52
342 486
342 756
342 1183
342 92
342 60
342 3
342 463
342 286
342 126
342 244
342 224
342 318
342 627
342 49
342 69
342 540
342 195
342 262
342 19
342 311
342 59
342 269
342 526
342 107
342 198
342 430
342 211
342 136
342 175
342 150
342 799
342 669
342 7
342 270
342 273
342 56
342 40
342 225
342 605
342 132
342 123
342 253
342 222
342 300
342 24
342 295
346 476
346 400
346 110
346 181
346 98
346 413
346 8
346 447
346 641
346 119
346 453
346 125
346 454
346 503
346 13
346 519
346 6
346 930
346 127
346 111
346 96
346 751
346 116
346 1135
346 41
346 993
346 177
346 344
346 231
346 47
346 396
346 572
346 656
346 123
346 58
346 910
346 188
346 251
346 872
346 14
346 53
346 85
346 61
346 741
346 104
346 311
346 27
346 408
346 735
346 78
346 193
346 1036
346 70
346 211
346 282
346 73
346 64
346 220
346 217
346 5
346 368
346 333
346 979
346 144
346 325
346 240
346 87
346 65
346 56
346 529
346 149
346 548
346 17
346 259
346 21
346 407
346 105
346 478
346 20
398 300
398 53
398 420
398 220
398 58
398 52
398 81
398 206
398 115
398 174
398 5
398 100
398 56
398 624
398 293
398 77
398 278
398 522
398 84
398 51
398 228
398 656
398 480
398 13
398 290
398 309
398 64
398 491
398 388
398 371
398 353
398 288
398 257
398 68
398 724
398 27
398 14
398 268
398 464
398 286
398 299
398 65
398 401
398 249
398 50
407 224
407 353
407 58
407 217
407 421
407 99
407 13
407 401
407 319
407 60
407 249
407 44
407 496
407 230
407 288
407 14
407 134
407 420
407 741
407 16
407 622
407 304
407 129
407 85
407 84
407 93
407 388
407 51
407 130
407 206
407 255
407 272
407 368
407 268
407 464
407 223
407 251
407 469
407 458
407 261
407 27
407 333
407 116
407 523
407 311
407 157
407 313
407 15
407 463
407 38
407 115
407 47
407 300
407 371
407 384
407 133
407 9
407 66
407 107
407 222
407 105
407 305
407 26
407 8
407 131
407 96
407 354
407 21
407 521
407 245
407 150
407 257
407 244
407 70
407 136
407 125
422 598
422 597
422 121
422 624
422 671
422 177
422 174
422 553
422 130
422 58
422 53
422 284
422 112
422 212
422 31
422 259
422 64
422 1153
422 54
422 49
422 666
422 183
422 154
422 20
422 253
422 184
422 63
422 181
422 475
422 94
452 290
452 47
452 420
452 631
452 550
452 16
452 134
452 628
452 156
452 257
452 272
452 79
452 317
452 65
452 305
452 267
452 372
452 310
452 313
452 288
452 325
452 13
452 95
452 5
452 351
452 299
452 315
452 61
452 354
452 437
452 251
452 266
452 307
452 128
452 311
452 254
452 66
452 283
452 105
452 248
452 329
452 887
452 223
452 416
452 58
452 316
452 81
452 184
452 222
452 32
452 259
452 893
452 119
452 278
452 423
452 264
452 125
452 258
452 9
468 283
468 761
468 157
468 420
468 295
468 301
468 173
468 257
468 400
468 473
468 250
468 34
468 83
468 121
468 182
468 69
468 63
468 116
468 56
468 9
468 226
468 313
468 253
468 370
468 175
468 384
468 80
468 474
468 206
468 225
468 54
468 574
468 184
468 81
468 220
468 38
468 590
468 112
468 134
468 14
468 319
468 52
468 669
468 140
468 90
468 162
468 401
468 105
468 41
468 68
468 91
468 72
468 6
468 307
468 147
468 40
468 77
468 85
468 106
468 130
468 638
468 17
468 59
468 426
468 95
468 368
468 251
468 50
468 3
468 107
468 123
468 164
468 222
468 193
468 299
468 58
468 13
468 117
468 633
468 43
468 366
468 784
468 47
468 511
468 310
468 328
468 28
468 183
468 630
468 230
468 461
468 78
468 93
468 76
468 523
468 73
468 834
468 937
468 64
468 124
468 181
468 5
468 132
490 132
490 1049
490 76
490 91
490 235
490 1243
490 49
490 253
490 53
490 58
490 185
490 495
490 597
490 284
490 64
490 241
490 756
490 55
506 485
506 968
506 261
506 118
506 365
506 223
506 149
506 129
506 288
506 96
506 368
506 384
506 233
506 401
506 334
506 381
506 157
506 560
506 363
506 419
506 86
506 430
506 14
506 759
506 84
506 117
506 316
506 735
506 292
506 459
506 92
506 298
506 27
506 21
506 100
506 147
506 816
506 3
506 388
506 740
506 73
506 138
506 378
506 514
506 144
506 44
506 134
506 105
506 492
506 220
506 17
506 390
506 230
506 126
506 226
506 420
506 496
506 53
506 742
506 437
506 249
506 617
506 217
506 308
506 454
506 70
506 228
506 319
506 348
506 556
506 453
506 10
506 313
506 240
506 124
506 77
506 2
506 107
506 255
506 620
506 301
506 892
506 469
506 65
506 311
506 887
506 491
506 741
506 447
506 333
506 13
506 116
506 256
506 99
506 72
506 296
506 238
506 591
506 78
506 733
506 813
506 369
506 274
506 443
506 353
506 306
506 43
506 57
506 123
506 32
506 474
506 47
506 744
506 478
506 236
506 300
506 115
514 17
514 81
514 387
514 496
514 245
514 3
514 394
514 21
514 631
514 416
514 519
514 440
514 400
514 50
514 211
514 220
514 193
514 78
514 683
514 244
514 560
514 426
514 527
514 106
514 147
514 378
514 810
514 206
514 420
514 43
514 414
514 392
514 522
514 184
514 272
514 233
514 558
514 140
514 115
514 84
514 80
514 38
514 121
514 10
514 116
514 53
514 266
514 385
514 173
514 303
514 61
514 344
514 428
514 136
514 134
514 74
514 228
514 67
514 85
514 332
514 13
514 5
514 492
514 99
514 561
514 51
514 307
514 368
514 473
514 131
514 2
514 68
514 58
514 107
514 72
514 96
514 150
514 162
514 77
514 860
514 401
514 126
514 65
514 281
514 70
514 41
514 149
514 18
514 925
514 123
514 47
514 469
514 90
514 309
514 325
514 130
514 181
514 44
514 9
514 141
514 112
514 406
514 7
514 37
514 222
514 230
514 32
514 661
514 224
532 475
532 166
532 1058
532 968
532 185
532 338
532 913
532 931
532 772
532 321
532 86
532 101
532 914
532 1047
532 564
532 1087
532 523
543 57
543 471
543 416
543 267
543 880
543 96
543 107
543 154
543 554
543 388
543 522
543 2
543 477
543 238
543 16
543 84
543 301
543 75
543 42
543 335
543 304
543 556
543 400
543 287
543 25
543 162
543 95
543 313
543 310
543 14
543 9
543 251
543 261
543 1029
543 136
543 1177
543 703
543 233
543 454
543 8
543 726
543 78
543 7
543 59
543 419
543 274
543 13
543 109
543 271
543 511
543 27
543 19
543 34
543 206
543 51
543 12
543 319
543 250
543 105
543 307
543 420
543 108
543 52
543 230
543 72
543 264
543 5
593 233
593 130
593 301
593 418
593 656
593 420
593 611
593 13
593 81
593 625
593 58
593 206
593 183
593 9
593 543
593 14
593 800
593 211
593 319
593 179
593 171
593 78
593 6
593 162
593 568
593 173
593 249
593 52
593 180
593 624
593 53
594 112
594 24
594 206
594 81
594 152
594 130
594 64
594 282
594 259
597 192
597 188
597 1010
597 158
597 455
597 175
597 81
597 702
597 58
597 358
597 664
597 15
597 173
597 31
597 64
597 53
597 20
597 988
597 553
597 716
597 460
597 207
597 184
597 641
597 795
597 572
612 1057
612 924
612 81
612 491
612 188
612 184
612 50
612 656
612 820
612 751
612 530
612 130
612 278
621 1220
621 772
621 53
621 110
621 400
621 323
621 748
621 126
621 874
621 665
621 85
621 424
621 127
621 496
621 17
621 324
621 340
621 363
621 366
621 223
621 141
621 281
621 84
621 971
621 88
621 27
621 230
621 750
621 678
621 134
621 58
621 406
621 474
621 73
621 1058
621 867
621 117
621 219
621 313
621 740
621 319
621 65
621 442
633 65
633 27
633 223
633 662
633 677
633 192
633 9
633 193
633 751
633 58
633 181
633 117
633 17
633 105
633 188
633 529
640 211
640 363
640 739
640 854
640 223
640 78
640 133
640 759
640 419
640 407
640 309
640 105
640 206
640 123
640 458
640 400
640 5
640 218
640 454
640 14
640 193
640 488
640 867
640 65
640 345
640 8
640 406
640 748
640 2
640 44
640 138
640 240
640 41
640 251
640 225
640 95
640 233
640 311
640 3
640 564
640 245
640 283
640 93
640 478
640 73
640 38
640 136
640 106
640 56
640 741
640 512
640 17
640 18
640 331
640 335
640 157
640 39
640 21
640 554
658 174
658 313
658 54
658 50
658 224
658 17
658 9
658 275
658 56
658 259
658 193
658 66
658 20
658 14
658 303
658 387
658 656
658 384
658 140
658 430
658 132
658 453
658 58
658 244
658 270
658 786
658 136
658 74
658 128
658 130
658 106
658 177
658 265
658 341
658 253
658 420
658 292
658 156
658 629
658 59
658 73
658 146
658 64
658 41
671 31
671 121
671 455
671 54
671 58
671 53
671 6
671 74
671 543
671 177
691 384
691 50
691 207
691 14
691 95
691 9
691 58
691 249
691 506
691 392
691 491
691 193
691 16
691 140
691 802
691 572
691 56
691 5
691 474
691 353
691 65
691 86
691 522
691 937
691 859
691 311
693 269
693 116
693 278
693 299
693 523
693 363
693 34
693 230
693 211
693 406
693 256
693 718
693 270
693 300
693 206
693 171
693 193
693 74
693 385
693 9
693 472
693 92
693 64
693 65
693 520
693 13
693 90
693 107
693 52
693 17
693 123
693 529
693 67
693 14
693 121
693 823
693 368
693 274
693 105
693 295
693 623
693 451
693 461
693 422
693 342
693 218
693 16
693 459
693 1174
693 43
693 140
693 574
693 600
693 656
693 8
693 522
703 175
703 74
703 656
703 54
703 184
703 121
703 58
703 284
703 341
703 181
703 112
703 728
703 600
703 543
703 652
703 53
703 71
703 188
703 50
703 208
703 81
703 528
703 6
703 871
703 669
703 64
703 130
712 514
712 527
712 1121
712 223
712 818
712 368
712 120
712 1236
712 800
712 365
712 348
712 433
712 852
712 53
712 867
712 727
712 117
712 1044
712 496
712 366
712 869
712 406
712 850
712 1228
712 560
712 400
712 359
712 825
712 65
712 372
712 474
712 486
712 740
712 394
712 591
712 574
712 364
712 614
712 661
712 2
712 847
712 729
712 1168
712 645
712 318
712 726
712 1003
712 555
712 742
712 520
712 724
712 1082
712 375
712 401
712 442
712 134
712 32
712 125
712 1114
712 273
712 149
712 426
712 301
712 721
712 138
712 913
712 704
712 854
712 1209
712 816
712 371
712 720
712 290
712 546
712 230
712 1116
712 85
712 542
712 58
712 874
712 733
712 1166
712 1201
712 568
712 1202
712 711
712 739
712 242
712 964
712 714
712 321
712 618
712 745
712 523
712 77
712 1268
712 13
712 519
712 78
712 17
712 1283
738 32
738 20
738 140
738 21
738 72
738 77
738 206
738 105
738 14
738 126
738 85
738 311
738 222
738 561
738 10
738 129
738 13
738 275
738 2
738 157
738 485
738 38
738 39
738 309
738 60
738 53
738 18
738 574
738 235
738 5
738 220
738 236
738 244
738 354
738 86
738 245
738 134
738 112
738 115
738 29
738 642
738 121
738 84
738 6
738 400
738 93
738 51
738 55
738 264
738 150
738 100
738 368
738 9
738 31
738 597
738 74
738 78
756 426
756 384
756 656
756 140
756 800
756 130
756 96
756 73
756 764
756 661
756 407
756 50
756 162
756 125
756 53
756 394
756 47
756 156
756 65
756 751
756 27
756 807
756 820
756 528
756 529
756 460
756 17
756 58
756 591
756 838
756 313
756 523
756 69
756 806
756 597
756 230
756 138
756 20
756 188
756 371
756 462
756 1102
756 161
756 324
759 188
759 121
759 455
759 50
759 641
759 184
759 736
759 614
759 572
759 543
759 207
759 53
759 644
779 112
779 645
779 53
779 81
779 192
779 121
779 15
779 50
779 656
779 207
793 920
793 455
793 207
793 829
793 647
793 91
793 55
793 208
793 31
793 528
793 54
793 171
793 175
793 154
793 511
793 28
793 643
793 20
793 130
793 601
793 53
793 58
793 148
793 50
793 64
793 642
793 656
798 50
798 423
798 298
798 1170
798 660
798 976
798 572
798 54
798 570
798 543
798 134
798 173
798 1152
798 65
798 676
798 662
798 273
798 702
798 293
798 464
798 371
798 84
798 184
798 523
798 121
798 6
798 870
798 694
798 499
798 437
798 406
798 709
798 645
798 85
798 58
798 53
798 1071
798 348
798 593
798 644
798 577
798 116
798 1079
798 519
798 728
798 81
798 981
798 767
798 871
798 960
817 572
817 76
817 50
817 658
817 767
817 154
817 192
817 413
817 241
817 195
817 74
817 200
817 949
817 207
817 208
817 112
817 656
817 177
821 641
821 251
821 368
821 184
821 53
821 13
821 5
821 624
821 760
821 662
821 81
821 116
821 258
821 206
821 226
821 193
821 100
821 50
821 233
821 299
821 254
821 65
821 298
821 820
821 605
821 39
821 14
821 464
821 84
821 882
821 728
821 181
821 162
821 418
821 268
821 341
821 77
821 360
821 301
821 489
821 290
821 607
821 272
821 41
821 342
821 652
821 207
821 24
821 9
821 20
833 61
833 718
833 272
833 42
833 1
833 353
833 64
833 650
833 362
833 131
833 1290
833 72
833 20
833 144
833 333
833 297
833 49
833 355
833 600
833 969
833 440
833 16
833 328
833 27
833 639
833 1291
833 785
833 342
833 918
833 1144
833 198
833 1011
833 275
833 230
833 146
833 669
833 671
833 89
833 105
833 430
833 157
833 374
833 806
833 601
833 44
833 17
833 14
833 87
833 526
833 603
833 463
833 461
833 581
833 405
833 349
833 130
833 325
833 70
833 2
833 15
833 175
833 47
833 511
833 21
833 274
833 1243
833 43
833 510
833 241
833 228
833 56
833 8
833 59
833 677
833 571
833 329
833 319
833 102
833 34
833 159
833 1153
833 838
833 455
833 3
833 784
833 206
833 369
833 416
833 381
833 458
833 646
833 251
833 443
833 123
833 211
833 309
851 513
851 662
851 641
851 547
851 6
851 751
851 569
851 905
851 172
851 924
870 156
870 8
870 67
870 384
870 60
870 263
870 282
870 264
870 420
870 34
870 16
870 823
870 443
870 105
870 381
870 780
870 195
870 14
870 13
870 300
870 208
870 261
870 77
870 140
870 309
870 306
870 325
870 147
870 183
870 308
870 87
870 64
870 449
870 333
870 225
870 362
870 51
870 74
870 759
870 95
870 123
870 430
870 253
870 193
870 256
870 401
893 14
893 770
893 656
893 50
893 662
893 341
893 181
893 284
893 85
893 52
893 601
893 104
893 543
893 20
893 39
893 211
893 455
893 696
893 310
893 183
893 420
893 58
893 241
893 6
893 17
919 786
919 54
919 676
919 80
919 139
919 827
919 195
919 1010
919 81
919 511
919 641
919 639
919 763
919 193
919 553
919 437
919 744
919 428
919 152
919 147
919 669
919 52
919 182
919 421
919 130
919 965
919 612
919 952
919 211
919 461
919 542
919 375
919 50
919 440
919 230
919 644
919 181
919 68
919 9
919 174
919 173
919 624
919 154
919 143
919 364
919 197
919 188
919 30
919 703
919 656
919 117
919 84
919 220
919 632
919 303
919 184
919 369
919 418
919 5
919 780
919 372
919 49
919 281
919 618
919 218
919 759
919 20
919 208
919 72
919 171
919 882
919 543
919 132
919 162
919 751
919 170
919 53
919 175
919 41
919 179
919 102
919 121
919 24
919 13
919 164
919 319
933 449
933 84
933 42
933 5
933 61
933 9
933 256
933 485
933 56
933 416
933 32
933 193
933 496
933 740
933 426
933 20
933 217
933 43
933 90
933 566
933 141
933 105
933 111
933 206
933 430
933 309
933 115
933 99
933 47
933 64
933 52
933 10
933 14
933 58
933 226
933 420
933 272
933 211
933 74
933 251
933 319
933 418
933 130
933 41
933 27
933 87
933 21
933 13
933 92
933 123
941 751
941 76
941 656
941 53
941 652
941 121
941 74
941 253
941 54
941 81
941 235
941 455
941 244
941 188
941 597
941 50
941 207
941 666
943 162
943 451
943 341
943 53
943 64
943 662
943 767
943 656
943 13
943 792
943 5
943 511
943 253
943 171
943 905
943 130
943 413
943 241
943 84
943 58
943 777
943 664
