1 151
1 152
1 153
1 154
1 155
2 163
2 69
2 58
2 164
2 83
2 165
2 54
2 166
2 167
2 168
2 169
2 170
2 171
2 162
2 172
2 158
2 173
2 174
2 50
2 24
2 175
2 176
2 68
2 177
2 178
2 97
2 179
2 180
2 181
2 130
2 64
2 182
2 183
2 184
2 185
9 455
9 456
9 274
9 262
9 183
9 153
9 261
9 203
9 295
9 174
9 409
9 207
9 272
9 394
9 457
9 158
9 458
9 58
9 74
9 223
13 590
13 282
13 394
13 506
13 591
13 186
13 592
13 593
13 594
34 498
34 158
34 516
34 187
34 169
34 476
34 515
34 200
34 183
34 684
34 212
34 163
34 685
34 686
34 687
34 688
49 185
49 3
49 756
49 74
49 434
49 495
49 60
49 363
49 70
49 14
49 600
49 20
49 473
49 333
49 300
49 371
49 21
49 16
49 73
49 453
49 445
49 204
49 619
49 130
49 416
49 93
49 324
49 106
49 224
49 281
49 575
49 9
49 757
49 139
49 212
49 156
49 225
49 234
49 632
49 198
49 230
49 49
49 518
49 597
49 157
49 758
49 501
49 460
49 566
49 364
49 126
49 161
49 759
49 123
49 131
49 253
59 32
59 34
59 787
59 331
59 644
59 87
59 104
59 735
59 788
59 387
59 619
59 345
59 385
59 224
59 311
59 123
59 95
59 632
59 556
59 419
59 789
59 60
59 790
59 6
59 408
59 83
59 3
59 332
59 116
59 193
59 526
59 323
59 129
59 64
59 661
59 223
59 638
59 127
59 24
59 477
59 764
59 791
59 448
59 74
59 130
59 126
59 792
59 624
59 8
59 325
59 67
59 537
59 68
59 36
59 218
59 21
59 396
59 296
59 591
59 483
59 372
59 346
59 793
59 406
59 794
59 105
59 522
59 622
59 136
59 2
59 263
59 66
59 532
59 795
59 315
59 543
59 344
59 303
59 782
59 796
59 276
59 479
59 225
59 797
59 520
59 264
59 369
59 10
59 85
59 117
59 155
59 55
59 9
59 319
59 33
59 426
59 461
59 274
59 486
59 58
59 144
59 157
59 243
59 299
59 428
59 754
59 78
59 267
59 27
59 407
59 275
59 134
59 5
59 397
59 798
59 728
59 519
59 633
59 122
59 597
59 226
59 14
59 458
59 132
59 174
59 729
59 107
59 108
59 472
59 41
59 757
59 364
59 148
59 409
59 73
59 206
59 272
59 554
59 125
59 355
59 617
59 162
59 507
59 238
59 328
59 230
59 220
59 511
59 82
59 96
59 306
59 799
59 800
59 718
59 43
59 495
59 307
59 388
59 211
59 53
59 13
59 568
59 70
59 300
59 109
59 100
59 414
59 410
59 801
59 268
59 257
59 217
59 335
59 561
59 237
59 287
59 65
59 786
59 751
59 802
59 124
59 147
59 63
59 208
59 322
59 496
59 403
59 305
59 141
59 430
59 336
59 333
59 57
59 256
59 742
59 26
59 261
59 368
59 62
59 390
59 309
59 803
59 167
59 386
59 251
59 566
59 16
59 374
59 457
59 146
59 804
59 19
59 366
59 228
59 72
59 499
59 604
59 196
59 592
59 394
59 416
59 51
59 805
59 359
59 17
59 288
59 464
59 42
59 37
59 170
59 342
59 159
59 528
59 558
59 320
59 492
59 115
59 81
59 271
59 401
59 278
59 321
59 20
59 47
59 420
59 111
59 56
59 384
59 646
59 106
59 806
59 12
59 389
59 259
59 807
59 236
59 808
59 92
59 304
59 809
59 241
59 182
59 248
59 674
59 329
59 18
59 473
59 810
59 334
59 740
59 294
59 295
59 363
59 84
59 154
59 400
59 247
59 93
59 811
59 812
73 278
73 333
73 14
73 206
73 123
73 253
73 64
73 309
73 838
73 32
73 74
73 261
73 61
73 130
73 251
73 47
73 759
73 18
73 193
73 453
73 134
73 108
73 43
73 159
73 156
73 5
73 218
73 416
73 131
73 258
73 21
73 372
73 224
73 42
73 51
73 27
73 154
73 325
73 300
74 190
74 649
74 132
74 181
74 81
74 130
74 6
74 475
74 167
74 192
74 121
74 74
74 207
74 516
74 174
74 83
74 203
74 185
74 361
74 511
74 586
74 191
80 271
80 141
80 66
80 147
80 126
80 385
80 130
80 310
80 181
80 353
80 128
80 272
80 65
80 545
80 5
83 100
83 223
83 117
83 555
83 419
83 62
83 179
83 662
83 5
83 420
83 240
83 413
83 742
83 39
83 350
83 854
83 65
83 64
92 829
92 642
92 167
92 154
92 503
92 76
92 49
92 511
92 28
92 669
92 112
92 121
92 189
92 903
92 83
93 81
93 112
93 728
93 184
93 605
93 15
93 553
93 593
93 50
93 173
93 24
99 400
99 56
99 773
99 177
99 50
99 426
99 547
99 678
99 200
99 224
99 194
104 182
104 97
104 130
104 173
104 253
104 573
104 91
104 669
104 925
104 624
104 54
104 185
104 167
104 460
104 547
104 186
104 53
104 600
104 174
104 588
104 508
104 528
104 160
104 81
104 58
104 190
110 361
110 683
110 65
110 325
110 117
110 41
110 104
110 84
110 240
110 211
110 931
110 867
110 220
110 586
110 17
110 420
110 394
110 110
110 5
110 704
110 665
110 32
110 121
110 208
110 167
110 321
110 454
110 661
110 407
110 190
110 149
110 39
110 649
110 474
110 475
110 123
110 735
110 623
110 414
110 591
110 448
116 210
116 508
116 42
116 268
116 167
116 251
116 204
116 101
116 592
116 187
116 304
116 401
116 211
116 834
116 14
119 190
119 52
119 345
119 842
119 607
119 861
119 900
126 575
126 694
126 947
126 121
126 185
126 645
126 208
126 167
126 864
126 573
126 586
126 192
126 178
126 201
126 203
126 188
126 723
126 707
126 587
126 338
126 685
126 186
126 877
130 186
130 436
130 209
130 923
130 505
142 136
142 117
142 53
142 245
142 672
142 84
142 502
142 244
142 475
142 76
142 96
142 204
142 300
142 10
142 492
142 74
142 106
142 93
142 101
142 8
143 191
143 192
143 202
143 639
143 190
143 475
143 167
143 586
143 649
143 361
143 208
143 894
143 210
144 486
144 483
144 641
144 418
144 222
144 511
144 167
144 749
144 138
144 836
144 561
144 5
144 165
144 181
144 843
144 256
144 183
144 85
144 283
144 857
144 264
144 860
144 58
144 728
144 507
144 189
144 556
144 274
144 175
144 592
144 41
144 182
144 154
144 99
144 110
144 278
144 983
144 17
144 92
144 53
144 341
144 159
144 107
144 72
144 80
144 634
144 829
144 350
144 251
144 36
144 51
144 96
144 177
144 727
144 37
144 75
144 164
144 696
144 310
144 508
144 615
144 105
144 401
144 134
144 258
144 241
144 506
144 984
144 151
144 549
144 158
144 54
144 312
144 42
144 32
144 385
144 226
144 649
144 793
144 420
144 52
144 141
144 121
144 656
144 520
144 430
144 50
144 313
144 400
144 186
144 328
144 786
144 43
144 193
144 81
144 882
144 371
144 220
144 69
144 904
144 233
144 67
144 252
144 249
144 76
144 662
144 73
144 300
144 171
144 633
144 573
144 414
144 206
144 9
144 422
144 309
144 669
144 473
144 100
144 64
144 24
144 28
144 132
144 13
144 123
144 102
144 624
144 14
144 130
144 120
144 207
144 303
144 637
144 146
144 743
144 63
144 27
144 19
144 108
144 95
145 377
145 505
145 194
145 992
145 735
145 841
145 993
145 186
145 180
145 40
145 968
145 200
145 765
145 101
156 316
156 443
156 147
156 59
156 63
156 449
156 217
156 251
156 51
156 193
156 67
156 206
156 414
156 140
156 42
156 288
156 128
156 90
156 278
156 132
156 264
156 130
156 381
157 298
157 173
157 64
157 177
157 1007
157 455
157 63
157 751
157 979
157 101
157 511
157 730
157 58
157 547
157 130
157 460
157 97
157 656
157 167
157 203
157 284
157 174
157 651
157 716
166 192
166 894
166 121
166 682
166 188
166 973
166 644
166 573
166 1012
166 202
166 167
174 586
174 606
174 372
174 394
174 181
174 1
174 341
174 486
174 22
174 604
174 532
174 656
174 179
174 733
174 350
174 498
174 515
174 475
174 576
174 32
174 401
174 138
174 1003
174 28
174 84
174 728
174 101
174 715
174 24
174 174
174 825
174 51
174 76
174 1014
174 242
174 137
174 78
174 568
174 725
174 107
174 14
174 190
174 202
174 605
174 494
174 224
174 807
174 851
174 796
174 641
174 811
174 152
174 133
174 97
174 709
174 321
174 123
174 1015
174 465
174 125
174 162
174 591
174 130
174 913
174 754
174 816
174 745
174 987
174 574
174 751
174 561
174 375
174 132
174 1016
174 81
174 447
174 420
174 203
174 40
174 624
174 140
174 457
174 651
174 233
174 526
174 418
174 58
174 546
174 763
174 462
174 638
174 584
174 317
174 211
174 385
174 36
174 729
174 180
174 428
174 613
174 141
174 523
174 479
174 9
174 2
174 1017
174 149
178 31
178 180
178 649
178 849
178 186
178 751
205 186
205 475
205 460
205 649
205 586
205 158
205 572
206 185
206 475
206 208
206 821
206 596
206 121
206 672
206 586
206 167
206 97
206 572
206 204
206 190
206 187
210 78
210 233
210 368
210 303
210 298
210 206
210 39
210 378
210 147
210 43
210 17
210 392
210 8
210 179
210 365
210 1
210 291
210 351
210 107
210 369
210 2
210 10
210 319
210 96
210 68
210 388
210 268
210 58
210 522
210 36
210 16
210 54
210 217
210 56
210 474
210 281
210 42
210 256
210 174
210 150
210 51
210 188
210 149
210 64
210 125
210 324
210 131
210 669
210 85
210 34
210 14
210 251
210 105
210 247
210 406
210 195
210 226
210 547
210 420
210 286
210 53
210 272
210 126
210 333
210 166
210 400
210 220
210 364
210 222
210 560
210 300
210 81
210 586
210 238
210 100
210 479
210 430
210 112
210 401
210 724
210 65
210 394
210 906
210 9
210 353
210 50
210 13
210 70
210 6
210 134
210 116
210 7
210 414
210 84
224 104
224 420
224 140
224 72
224 385
224 41
224 626
224 796
224 527
224 171
224 574
224 401
224 860
224 544
224 207
224 193
224 122
224 188
224 137
224 32
224 900
224 490
224 81
224 388
224 84
224 584
224 368
224 485
224 167
224 649
224 1069
224 220
224 133
224 428
224 404
224 92
224 372
224 90
224 486
224 192
224 378
224 745
224 737
224 112
224 394
224 537
224 329
224 318
224 514
231 53
231 624
231 642
231 796
231 572
231 924
231 460
231 341
231 58
231 188
232 272
232 82
232 51
232 93
232 21
232 464
232 446
232 479
232 256
232 5
232 602
232 134
232 307
232 257
232 586
232 18
232 14
232 99
232 17
232 78
232 72
232 2
232 283
232 9
232 193
232 309
232 289
232 98
232 310
232 384
232 300
232 116
232 10
232 281
232 46
232 159
232 95
232 401
232 838
232 67
232 220
232 75
232 428
232 400
232 592
232 140
232 85
232 492
232 32
232 124
232 226
232 206
241 361
241 508
241 843
241 163
241 167
241 545
241 208
241 187
241 101
241 188
241 183
245 715
245 53
245 112
245 706
245 58
245 708
245 696
245 188
245 373
245 121
245 777
254 423
254 574
254 118
254 129
254 378
254 58
254 373
254 27
254 13
254 112
254 387
254 57
254 1043
254 9
254 368
254 100
254 375
254 281
254 401
254 121
254 116
254 266
254 257
254 98
254 167
254 5
254 32
254 313
254 1086
254 84
254 220
254 125
254 552
254 86
254 53
254 41
254 78
254 359
254 117
254 420
254 380
254 85
254 543
254 311
254 523
254 127
254 115
254 43
287 202
287 204
287 101
287 503
287 203
287 683
287 167
287 130
288 538
288 64
288 32
288 319
288 56
288 368
288 592
288 123
288 449
288 203
288 90
288 81
288 83
288 545
288 188
288 174
288 58
288 420
288 5
288 181
288 140
288 206
288 193
288 204
288 41
288 251
288 513
288 299
288 588
288 100
288 101
288 259
288 107
288 282
288 275
288 266
288 13
288 414
288 422
288 793
288 264
288 97
288 9
288 217
288 57
288 96
288 121
288 130
288 183
305 299
305 341
305 492
305 430
305 297
305 272
305 58
305 245
305 42
305 109
305 603
305 287
305 10
305 144
305 157
305 107
305 24
305 185
305 136
305 616
305 786
305 455
305 20
305 206
305 446
305 61
305 372
305 131
305 441
305 140
305 275
305 292
305 8
305 121
305 749
305 1074
305 401
305 460
305 79
305 602
305 74
305 21
305 220
305 9
305 590
305 303
305 27
305 633
305 600
305 123
305 878
305 428
305 516
305 70
305 628
305 5
305 251
305 95
305 183
305 558
305 102
305 449
305 522
305 278
305 233
305 585
305 69
305 53
305 57
305 586
305 106
305 156
305 32
305 75
305 67
305 85
305 97
305 50
305 218
305 507
305 146
305 483
305 244
305 264
305 182
305 344
305 675
305 1
305 46
305 273
305 580
305 96
305 309
305 253
305 128
305 307
305 802
305 66
305 178
305 158
305 64
305 368
305 983
308 50
308 882
308 403
308 394
308 782
308 299
308 18
308 42
308 108
308 296
308 237
308 13
308 77
308 535
308 495
308 25
308 323
308 455
308 322
308 226
308 393
308 423
308 488
308 260
308 265
308 631
308 400
308 302
308 718
308 369
308 627
308 582
308 275
308 677
308 270
308 496
308 253
308 968
308 315
308 473
308 540
308 550
308 667
308 59
308 140
308 262
308 78
308 350
308 141
308 410
308 366
308 26
308 1149
308 27
308 66
308 300
308 224
308 464
308 233
308 330
308 123
308 744
308 68
308 87
308 1
308 57
308 257
308 65
308 349
308 1031
308 571
308 246
308 459
308 53
308 271
308 641
308 60
308 235
308 757
308 477
308 124
308 64
308 5
308 21
308 273
308 602
308 93
308 492
308 254
308 553
308 1156
308 22
308 70
308 47
308 120
308 223
308 76
308 130
308 154
308 283
308 282
308 336
308 72
308 131
308 1157
308 490
308 180
308 355
308 286
308 258
308 34
308 317
308 468
308 157
308 244
308 10
308 67
308 126
308 523
308 117
308 230
308 193
308 806
308 479
308 28
308 149
308 90
308 443
308 174
308 1155
308 440
308 44
308 127
308 250
308 228
308 787
308 458
308 256
308 297
308 301
308 206
308 1074
308 105
308 401
308 486
308 17
308 398
308 247
308 14
308 381
308 241
308 620
308 280
308 406
308 184
308 96
308 156
308 2
308 407
308 137
308 560
308 331
308 281
308 792
308 386
308 208
308 225
308 795
308 43
308 220
308 313
308 419
308 590
308 388
308 426
308 159
308 211
308 310
308 480
308 382
308 591
308 637
308 222
308 384
308 383
308 129
308 125
308 144
308 41
308 58
308 910
308 909
308 276
308 371
308 20
308 8
308 216
308 218
308 1060
308 182
308 364
308 150
308 236
308 793
308 333
308 857
308 304
308 324
308 56
308 674
308 405
308 99
308 362
308 263
308 61
308 316
308 653
308 319
308 16
308 284
308 261
308 430
308 1158
308 291
308 106
308 345
308 554
308 217
308 175
308 482
308 416
308 3
308 836
308 251
308 74
308 527
308 461
308 85
308 342
308 102
308 255
308 278
308 743
308 54
308 138
308 906
308 619
308 234
308 617
308 314
308 292
308 387
308 132
308 136
308 179
322 51
322 159
322 58
322 511
322 261
322 59
322 16
322 416
322 193
322 99
322 331
322 274
322 123
322 362
322 167
322 190
322 300
322 56
322 91
322 5
322 100
322 267
322 32
322 61
322 34
322 463
322 384
322 185
322 67
322 264
322 90
322 121
322 430
322 64
322 294
322 110
322 295
322 677
322 132
322 272
322 401
327 72
327 312
327 550
327 59
327 129
327 440
327 308
327 401
327 98
327 49
327 582
327 321
327 778
327 24
327 250
327 523
327 385
327 825
327 181
327 52
327 226
327 208
327 920
327 159
327 249
327 779
327 357
327 134
327 802
327 325
327 146
327 60
327 64
327 222
327 469
327 32
327 354
327 319
327 300
327 280
327 571
327 602
327 501
327 1136
327 525
327 51
327 18
327 384
327 100
327 526
327 47
327 371
327 393
327 646
327 167
327 858
327 201
327 281
327 132
327 1046
327 105
327 116
327 50
327 809
327 73
327 332
327 41
327 20
327 313
327 400
327 1051
327 781
327 131
327 233
327 253
327 37
327 666
327 822
327 182
327 56
327 479
327 225
327 1084
327 490
327 787
327 428
327 414
327 85
327 597
327 563
327 157
327 203
327 629
327 211
327 786
327 773
327 130
327 34
327 303
327 331
327 590
327 2
327 286
327 206
327 78
327 458
327 784
327 91
327 162
327 9
327 596
327 128
327 369
327 364
327 419
327 263
327 154
327 558
327 67
327 483
327 256
327 1
327 426
327 295
327 517
327 454
327 907
327 251
327 13
327 314
327 40
327 53
327 140
327 538
327 70
327 3
327 115
327 101
327 224
327 193
327 96
327 648
327 184
327 61
327 257
332 407
332 478
332 115
332 118
332 180
332 773
332 321
332 240
332 718
332 931
332 9
332 845
332 61
332 643
332 716
332 121
332 117
332 401
332 188
332 208
332 515
332 209
332 210
332 74
332 53
332 907
332 368
332 1173
332 503
332 552
332 461
332 792
332 78
332 689
332 958
332 41
332 413
332 744
332 284
332 715
332 52
332 77
332 111
332 64
332 746
332 454
332 735
332 13
332 62
332 56
332 455
332 313
332 175
332 123
332 54
332 593
332 211
332 529
332 664
332 177
332 1150
332 1174
332 696
332 894
332 192
332 496
332 738
332 181
332 71
332 386
332 642
332 171
332 50
332 662
332 485
332 86
332 1055
332 100
332 672
332 125
332 414
332 1060
332 431
332 85
332 6
332 104
332 641
332 600
332 207
332 129
332 17
332 644
332 14
332 698
332 112
332 167
332 399
332 543
332 65
332 418
332 105
332 740
332 132
332 447
332 195
332 601
332 1027
332 656
332 659
332 344
332 361
332 960
332 179
332 665
332 928
332 341
332 572
332 335
332 640
332 406
332 743
332 134
332 426
332 751
332 223
332 451
332 47
332 5
332 58
332 539
332 957
332 346
332 476
332 345
348 600
348 670
348 662
348 792
348 1013
348 208
348 50
348 641
348 751
348 801
348 207
348 1185
348 548
348 476
348 743
348 1087
348 81
348 167
348 715
348 605
348 130
348 1032
348 924
348 1056
348 712
348 22
348 613
348 624
348 162
348 6
348 503
348 644
348 74
348 736
348 543
348 71
348 68
348 957
348 656
348 181
348 451
348 960
348 373
359 31
359 573
359 177
359 656
359 160
359 235
359 167
359 50
359 244
359 74
359 183
359 455
359 548
359 6
359 101
359 53
359 981
359 58
375 404
375 454
375 238
375 407
375 188
375 104
375 255
375 208
375 744
375 16
375 27
375 185
375 411
375 240
375 384
375 951
375 96
375 100
379 464
379 96
379 401
379 87
379 247
379 187
379 27
379 302
379 309
387 14
387 251
387 57
387 484
387 282
387 147
387 615
387 159
387 319
387 369
387 666
387 35
387 677
387 783
387 146
387 458
387 27
387 647
387 291
387 669
387 526
387 117
387 70
387 283
387 478
387 56
387 136
387 761
387 728
387 237
387 230
387 449
387 650
387 1011
387 86
387 835
387 391
387 245
387 67
387 125
387 82
387 741
387 519
387 144
387 889
387 241
387 7
387 246
387 569
387 206
387 384
387 177
387 102
387 1102
387 408
387 157
387 1049
387 17
387 58
387 43
387 9
387 175
387 112
387 756
387 170
387 93
387 3
387 105
387 113
387 235
387 31
387 61
387 111
387 151
387 419
387 64
387 313
387 225
387 60
387 65
387 115
387 198
387 49
387 354
387 753
387 83
387 364
387 59
387 511
387 787
387 259
387 37
387 440
387 92
387 331
387 89
387 121
387 42
387 824
387 236
387 41
387 309
387 512
387 264
387 597
387 386
387 332
387 590
387 566
387 937
387 154
387 44
387 617
387 353
387 217
387 47
387 243
387 329
387 74
387 28
387 53
387 619
387 55
387 267
387 21
387 130
387 85
387 72
387 1153
387 416
387 517
387 84
387 106
387 50
387 292
387 453
387 212
387 134
387 222
387 363
387 123
387 443
387 325
387 244
387 13
387 322
387 38
387 900
388 167
388 970
388 744
388 751
388 26
388 656
388 187
388 649
388 516
388 640
388 728
388 166
388 683
388 641
388 455
388 672
388 448
388 338
388 475
388 600
388 208
388 361
388 323
388 373
388 188
388 121
388 181
388 644
388 528
388 326
388 185
388 50
388 9
388 803
388 461
388 192
388 207
388 646
388 319
388 6
388 363
393 341
393 624
393 347
393 664
393 184
393 123
393 373
393 987
393 111
393 447
393 1148
393 207
393 641
393 199
393 516
393 281
393 252
393 464
393 741
393 385
393 519
393 112
393 318
393 32
393 192
393 245
393 58
393 857
393 528
393 354
393 71
393 736
393 659
393 643
393 167
393 102
393 39
393 728
393 85
393 712
393 181
393 420
393 1199
393 54
393 593
393 284
393 365
393 298
393 656
393 99
393 751
393 134
393 795
393 371
393 5
393 645
393 179
393 871
393 65
393 160
393 202
393 503
393 600
393 543
393 78
393 465
393 70
393 121
393 924
393 144
393 41
393 1093
393 740
393 389
393 122
393 767
393 662
393 74
393 223
393 607
393 598
393 623
393 1009
393 584
393 716
393 311
393 53
393 455
393 520
393 676
393 894
393 418
393 6
393 171
393 189
393 515
393 187
393 698
393 31
393 117
393 28
393 190
393 132
393 586
393 125
393 986
393 752
393 383
407 56
407 751
407 186
407 126
407 87
407 424
410 183
410 167
410 97
410 586
410 186
410 1096
410 516
410 891
410 190
416 638
416 971
416 564
416 335
416 836
416 1209
416 817
416 129
416 408
416 494
416 421
416 818
416 636
416 1210
416 867
416 204
416 350
416 701
416 544
416 375
416 380
416 951
416 224
416 936
416 39
416 468
416 1137
416 414
416 124
416 344
416 246
416 376
416 492
416 659
416 1211
416 1003
416 899
416 741
416 997
416 90
416 745
416 345
416 305
416 1201
416 955
416 953
416 945
416 222
434 593
434 738
434 413
434 6
434 614
434 418
434 831
434 698
434 664
434 1010
434 181
434 801
434 553
434 162
434 792
434 298
434 20
434 632
434 702
434 605
434 208
434 957
434 543
434 743
434 50
434 882
436 39
436 740
436 743
436 1019
436 810
436 224
436 390
436 641
436 335
436 728
436 90
436 138
436 1206
436 385
436 9
436 314
436 787
436 726
436 64
436 527
436 672
436 496
436 800
436 591
436 17
436 342
436 617
436 418
436 208
436 174
436 542
436 529
436 526
436 1137
436 202
436 564
436 1199
436 632
436 322
436 910
436 461
436 646
436 406
436 107
436 568
436 845
436 403
436 3
436 167
436 372
436 401
436 600
436 77
436 957
436 323
436 426
436 36
436 162
436 56
436 752
436 519
436 469
436 34
436 664
436 421
436 195
436 203
436 78
436 715
436 276
436 1003
436 120
436 226
436 220
436 194
436 731
436 58
436 561
436 485
436 739
436 478
436 52
436 990
436 295
436 792
436 177
436 492
436 211
436 42
436 345
436 590
436 737
450 485
450 636
450 591
450 842
450 904
450 424
450 262
450 181
450 372
450 282
450 249
450 87
450 732
450 583
450 520
450 553
450 281
450 50
450 603
450 190
450 702
450 383
450 365
450 289
450 459
450 897
450 887
450 225
450 860
450 331
450 528
450 563
450 735
450 913
450 328
450 288
450 104
450 192
450 661
450 46
450 72
450 128
450 632
450 1211
450 114
450 317
450 333
450 330
450 1229
450 777
450 537
450 187
450 7
450 180
450 17
450 202
450 388
450 34
450 145
450 304
450 1167
450 788
450 413
450 527
450 93
450 1160
450 404
450 95
450 814
452 558
452 97
452 454
452 70
452 281
452 384
452 131
452 392
452 27
452 233
452 620
453 661
453 28
453 740
453 1058
453 341
453 633
453 102
453 311
453 209
453 508
453 190
453 701
454 39
454 262
454 52
454 586
454 13
454 149
454 190
454 406
454 17
454 407
454 788
454 293
454 474
454 233
454 84
454 543
454 6
454 186
454 105
454 72
454 321
454 104
454 136
454 449
454 138
454 167
454 426
454 573
454 313
454 560
458 786
458 52
458 317
458 72
458 193
458 626
458 292
458 140
458 67
458 247
458 623
458 150
458 83
458 157
458 558
458 123
458 641
458 634
458 180
458 128
458 100
458 56
458 175
458 449
458 804
458 181
458 471
458 132
458 274
458 525
458 313
458 419
458 283
458 251
458 250
458 159
458 92
458 244
458 784
458 373
458 64
458 569
458 483
458 632
458 299
458 76
458 228
458 136
458 662
458 59
458 24
458 416
458 27
458 349
458 624
458 936
458 371
458 523
458 329
458 105
458 265
458 126
458 8
458 320
458 309
458 144
458 656
458 147
458 183
458 177
458 430
458 34
458 300
458 17
458 182
458 647
458 245
458 500
458 151
458 37
458 920
458 173
458 455
458 254
458 42
458 499
458 422
458 384
458 154
458 60
458 840
458 269
458 78
458 304
458 268
458 50
458 998
458 185
458 224
458 267
458 119
458 392
458 14
458 253
458 860
458 63
458 57
458 65
458 174
458 473
458 184
458 364
458 82
458 310
458 724
458 259
458 519
458 5
458 272
458 74
458 226
458 130
462 683
462 672
462 460
462 515
462 196
462 167
462 187
462 586
462 208
462 41
462 188
462 211
462 190
462 181
462 163
462 130
462 611
462 266
462 649
462 401
462 1096
462 53
462 894
462 192
474 313
474 278
474 264
474 96
474 453
474 522
474 316
474 82
474 251
474 8
474 449
474 268
474 130
474 309
474 39
474 186
474 403
474 72
474 266
474 67
474 104
474 119
474 111
474 65
474 381
474 276
474 894
474 175
474 764
474 656
474 489
474 85
474 100
474 182
474 257
474 32
474 125
474 311
474 287
474 53
474 260
474 651
474 211
474 57
474 336
474 106
474 859
474 27
474 181
474 156
474 204
474 247
474 289
474 105
474 99
474 1002
474 330
474 290
474 384
474 107
474 274
474 95
474 144
474 43
474 479
474 134
474 246
474 283
474 362
474 454
474 281
474 116
474 301
474 74
474 390
474 272
474 121
474 331
474 747
474 9
474 443
474 535
474 378
474 603
474 140
474 409
474 59
474 152
474 6
474 141
474 21
474 174
474 364
474 306
474 909
474 81
474 157
474 86
474 633
474 566
474 267
474 226
474 617
474 269
474 60
474 171
474 217
474 823
474 385
474 628
474 123
474 642
474 420
474 1156
474 486
474 233
474 491
474 402
474 24
474 327
474 461
474 380
474 503
474 477
474 19
474 275
474 66
474 308
474 56
474 474
474 300
474 303
474 273
474 58
474 128
474 295
474 304
474 354
474 625
474 317
474 79
474 307
474 620
474 249
474 255
474 473
474 47
474 416
474 253
474 558
474 404
474 34
474 149
474 92
474 372
474 407
474 185
474 5
474 41
474 483
474 484
474 282
474 353
474 28
474 223
474 600
474 292
474 83
474 91
474 396
474 366
474 1011
474 263
474 288
474 329
474 167
474 147
474 586
474 183
474 414
474 368
474 138
474 623
474 887
474 333
474 315
474 236
474 305
474 374
474 325
474 250
474 765
474 265
474 13
474 17
474 521
474 924
474 10
474 51
474 459
474 193
474 737
474 162
474 401
474 259
474 294
474 42
474 179
474 180
474 258
474 64
474 428
474 206
474 112
474 261
474 220
474 262
474 631
474 334
474 634
474 802
474 400
474 63
474 430
474 886
474 256
474 342
474 78
474 68
474 501
474 913
474 419
474 16
474 73
474 84
474 299
474 523
474 293
474 815
474 344
474 318
474 1057
474 520
474 624
474 132
474 248
474 408
474 254
474 622
474 328
474 3
474 526
474 662
474 447
474 14
474 76
482 776
482 455
482 54
482 166
482 178
482 64
482 97
482 572
482 58
482 476
482 192
482 207
482 167
495 13
495 536
495 301
495 222
495 249
495 941
495 567
495 64
495 375
495 129
495 412
495 14
495 321
495 319
495 15
495 107
495 44
495 85
495 55
495 112
495 617
495 421
495 527
495 797
495 25
495 374
495 407
495 322
495 351
495 1086
495 485
495 295
495 910
495 800
495 641
495 38
495 342
495 802
495 360
495 365
495 149
495 58
495 171
495 206
495 311
495 86
495 751
495 70
495 464
495 208
495 261
495 26
495 105
495 906
495 1101
495 735
495 20
495 369
495 115
495 5
495 9
495 454
495 968
495 90
495 226
495 1168
495 220
495 114
495 646
495 380
495 211
495 874
495 10
495 39
495 344
495 294
495 111
495 256
495 243
495 325
495 560
495 78
495 96
495 335
495 224
495 53
495 548
495 323
495 116
495 100
495 65
495 388
495 902
495 552
495 52
495 2
495 134
495 6
495 128
495 869
495 773
495 746
495 985
495 416
495 939
495 275
495 702
495 274
495 27
495 230
495 56
495 17
495 16
495 117
495 928
495 217
495 305
495 318
495 931
495 330
495 401
495 437
495 125
495 428
495 574
495 104
495 591
495 724
495 240
495 126
495 132
495 1179
495 1131
495 622
495 131
495 50
495 461
495 601
495 350
495 1244
495 860
495 411
495 1042
500 162
500 519
500 154
500 658
500 413
504 25
504 413
504 138
504 1211
504 120
504 640
504 1179
504 322
504 484
504 742
504 394
504 385
504 57
504 51
504 767
504 613
504 135
504 523
504 351
504 287
504 208
504 104
504 478
504 910
504 84
504 1018
504 17
504 98
504 68
504 172
504 301
504 546
504 953
504 374
504 116
504 380
504 518
504 656
504 704
504 121
504 117
504 1247
504 122
504 401
504 1156
504 20
504 125
504 735
504 44
504 54
504 854
504 269
504 368
504 486
504 494
504 251
504 435
504 9
504 223
504 744
504 193
504 644
504 855
504 105
504 19
504 461
504 303
504 372
504 102
504 137
504 187
504 126
504 420
504 261
504 615
504 400
504 622
504 414
504 392
504 743
504 36
504 293
504 663
504 315
504 363
504 760
504 369
504 952
504 242
504 476
504 32
504 276
504 1002
504 348
504 527
504 503
504 600
504 206
504 455
504 217
504 968
504 724
504 623
504 247
504 777
504 64
504 361
504 836
504 13
504 655
504 1174
504 107
504 520
504 605
504 16
504 482
504 775
504 323
504 792
504 171
504 702
504 404
504 218
504 796
504 845
504 389
504 124
504 370
504 6
504 39
504 163
504 342
504 390
504 294
504 522
504 319
504 38
504 612
504 1019
504 132
504 464
504 300
504 552
504 894
504 70
504 130
504 359
504 424
504 307
504 131
504 28
504 188
504 641
504 220
505 476
505 210
505 515
505 192
505 188
510 640
510 121
510 188
510 167
510 644
510 163
510 649
512 111
512 34
512 50
512 146
512 193
512 211
512 1126
512 368
512 72
512 303
512 185
512 14
512 177
512 183
512 27
512 58
512 1242
512 10
515 214
515 167
515 208
515 586
515 210
515 361
515 683
515 121
515 592
515 1250
515 188
515 189
515 672
528 573
528 53
528 455
528 394
528 70
528 144
528 55
528 299
528 121
528 78
528 284
531 685
531 891
531 644
531 515
531 498
531 185
531 572
531 476
531 183
531 573
531 516
531 188
531 686
531 178
531 200
531 1139
531 167
532 147
532 233
532 194
532 248
532 125
532 353
532 1038
532 1254
532 661
532 462
532 188
532 1091
532 222
532 386
532 200
532 6
532 87
532 281
532 122
532 286
532 642
532 209
532 288
532 511
532 655
532 69
532 860
532 869
532 124
532 905
532 537
532 618
532 817
532 751
532 830
532 82
532 257
532 186
532 698
532 72
532 716
532 187
532 330
532 945
532 324
532 1014
532 290
532 399
532 408
532 543
532 951
532 593
532 770
532 369
532 454
532 530
532 372
532 1255
532 28
532 622
532 256
532 492
533 184
533 192
533 638
533 451
533 475
533 528
533 767
533 829
542 234
542 317
542 193
542 496
542 111
542 311
542 420
542 14
542 478
542 426
542 84
542 1061
542 42
542 60
542 47
542 743
542 72
542 778
542 147
542 416
542 261
542 157
542 454
542 1183
542 401
542 129
542 130
542 371
542 34
542 64
542 291
542 3
542 284
542 233
542 310
542 59
542 181
542 55
542 937
542 206
542 364
542 83
542 126
542 299
542 437
542 10
542 665
542 368
542 586
542 256
542 85
542 664
542 70
542 32
542 753
542 53
542 123
542 196
542 220
542 50
542 230
542 226
542 254
542 114
542 5
542 48
542 67
542 58
542 134
542 99
576 584
576 795
576 226
576 53
576 233
576 181
576 300
576 54
576 81
576 28
576 58
576 418
576 125
576 76
576 341
576 78
576 50
576 74
576 130
592 209
592 588
592 505
592 592
592 201
592 508
595 920
595 834
595 460
595 1061
595 764
595 81
595 171
595 1263
595 528
595 568
595 511
595 101
595 20
595 598
595 655
595 647
595 53
595 132
595 253
595 753
595 40
595 204
595 455
595 413
595 175
595 530
595 24
595 121
595 148
595 184
595 829
595 284
595 162
595 58
595 840
595 64
595 762
595 547
595 130
595 756
598 644
598 1069
598 502
598 167
598 508
598 163
598 686
598 608
598 121
598 498
598 183
598 572
598 41
598 188
598 679
600 64
600 86
600 772
600 329
600 226
600 345
600 96
600 335
600 125
600 58
600 211
600 414
600 564
600 219
600 47
600 288
600 292
600 431
600 127
600 325
600 41
600 97
600 85
600 259
600 348
600 87
600 552
600 454
600 17
600 39
600 53
600 14
600 129
600 105
600 537
600 400
600 382
600 56
600 275
600 42
600 13
600 27
600 616
600 1018
600 453
600 363
600 406
600 117
600 65
602 640
602 189
602 418
602 58
602 776
602 64
602 53
602 643
602 54
602 132
602 6
602 50
602 181
602 679
602 658
602 656
602 843
602 207
602 676
606 389
606 664
606 121
606 652
606 167
606 509
606 28
606 361
606 475
606 179
606 698
609 632
609 189
609 418
609 244
609 1133
609 182
609 167
609 508
609 81
610 586
610 211
610 573
610 272
610 107
610 303
610 406
610 394
610 306
610 523
610 299
610 123
610 184
610 656
610 167
610 222
610 281
610 84
610 58
610 174
610 190
610 27
610 50
610 428
610 193
610 313
610 64
610 16
610 85
610 42
610 508
610 294
610 137
610 233
610 122
610 742
610 9
610 98
610 144
610 278
610 887
610 718
610 318
610 220
610 301
610 293
610 96
610 472
631 190
631 204
631 460
631 167
631 166
631 361
631 187
631 586
631 565
640 134
640 560
640 753
640 508
640 10
640 70
640 624
640 48
640 597
640 573
640 199
640 24
640 185
640 20
640 749
640 209
640 450
640 204
640 167
640 97
640 586
640 91
640 452
642 1168
642 1273
642 747
642 377
642 847
642 636
642 307
642 486
642 1100
642 231
642 438
642 1158
642 388
642 1163
642 167
642 870
642 873
642 415
642 702
642 1274
642 699
642 953
642 396
642 1039
642 591
642 359
642 380
642 1165
642 594
642 614
642 1044
642 719
642 542
642 369
642 1010
642 1202
642 589
646 167
646 586
646 681
646 866
646 190
654 400
654 220
654 121
654 193
654 413
654 112
654 138
654 420
654 54
654 709
654 1270
654 167
654 29
654 640
654 58
654 724
654 736
654 162
654 449
654 70
654 14
654 180
654 737
654 41
654 633
654 473
654 84
654 107
654 65
654 78
654 134
654 76
654 85
654 13
654 136
654 344
654 111
654 656
654 372
654 173
654 591
654 223
654 528
654 188
654 52
654 813
654 499
654 871
654 716
654 184
654 60
654 522
654 50
654 105
654 125
654 515
654 48
654 133
654 385
654 63
654 641
654 7
654 222
654 20
654 523
654 32
654 244
654 313
654 9
654 446
654 77
654 211
654 233
654 503
654 696
654 6
654 141
654 307
654 406
654 728
654 298
654 371
654 519
654 185
654 241
654 181
654 426
654 102
654 123
654 437
654 727
654 572
654 245
654 117
654 544
654 311
654 662
655 146
655 201
655 9
655 16
655 165
655 177
655 8
655 159
655 637
655 470
655 258
655 562
655 799
655 27
655 880
655 85
655 42
655 410
655 858
655 5
655 128
655 287
655 175
655 536
655 204
655 198
655 878
655 58
655 756
655 107
655 897
655 908
655 1181
655 67
655 185
655 184
655 47
655 164
655 392
655 414
655 272
655 798
655 238
655 98
655 182
655 310
655 977
655 43
655 160
655 103
655 65
655 140
655 784
655 586
655 174
655 596
655 158
655 615
655 153
655 1276
655 300
655 64
655 575
655 56
655 167
655 319
655 342
655 647
655 193
655 887
655 806
655 866
655 72
655 302
655 108
655 261
655 622
655 259
655 206
655 384
655 455
655 563
655 264
655 462
655 440
655 523
655 538
661 116
661 368
661 167
661 900
661 492
661 612
661 483
661 656
661 65
661 46
661 72
661 573
661 406
661 129
661 59
661 95
661 47
661 105
661 147
674 64
674 662
674 207
674 171
674 68
674 656
674 58
674 50
674 418
674 664
674 641
674 54
674 1259
674 960
674 167
674 476
674 81
674 6
674 179
674 611
674 162
674 163
674 53
682 924
682 522
682 385
682 639
682 44
682 331
682 898
682 401
682 475
682 807
682 175
682 58
682 964
682 368
682 177
682 810
682 420
682 348
682 122
682 56
682 664
682 412
682 90
682 233
682 325
682 414
682 112
682 411
682 823
682 449
682 135
682 564
682 64
682 972
682 81
682 141
682 993
682 53
682 190
682 282
682 601
682 220
682 91
682 65
682 171
682 211
682 660
682 74
682 5
682 37
682 430
682 818
682 453
682 418
682 123
682 134
682 638
682 458
682 14
682 131
682 937
682 6
682 544
682 427
682 809
682 47
682 235
682 16
682 765
682 17
682 701
682 421
682 618
682 298
682 68
682 9
682 20
682 350
682 43
682 40
682 378
682 61
682 41
682 73
682 333
682 101
682 169
682 416
682 721
682 10
682 217
682 210
682 465
682 118
682 299
682 600
682 26
682 323
682 739
682 125
682 32
682 105
682 31
682 42
682 442
682 149
682 77
682 1279
682 455
682 2
682 115
682 33
682 490
682 193
682 860
682 13
682 127
682 29
682 672
682 737
682 34
682 505
682 938
682 117
682 677
682 67
682 1058
682 85
682 208
682 107
682 515
682 344
682 106
682 180
682 955
682 241
682 735
682 70
682 656
682 110
682 96
682 851
682 485
682 740
682 50
682 669
682 301
696 866
696 256
696 498
696 691
696 538
696 201
696 586
696 100
696 187
696 361
696 755
696 476
696 299
696 185
696 178
696 132
696 282
696 76
696 183
696 195
696 140
696 182
698 297
698 519
698 58
698 287
698 249
698 125
698 293
698 384
698 361
698 184
698 464
698 37
698 99
698 112
698 236
698 353
698 655
698 295
698 224
698 207
698 371
698 317
698 85
698 96
698 273
698 17
698 134
698 263
698 50
698 483
698 188
698 47
698 332
698 64
698 383
698 105
698 206
698 116
698 223
698 257
698 259
739 213
739 420
739 65
739 130
739 116
739 17
739 107
739 329
739 14
739 195
739 1285
739 368
739 42
739 166
739 85
739 384
739 193
739 105
739 257
739 475
739 509
739 41
739 58
747 115
747 126
747 34
747 102
747 230
747 67
747 473
747 165
747 802
747 251
747 316
747 163
747 238
747 430
747 141
747 265
747 880
747 217
747 252
747 311
747 186
747 647
747 464
747 309
747 895
747 280
747 195
747 308
747 93
747 43
747 353
747 222
747 393
747 84
747 65
747 283
747 248
747 281
747 364
747 244
747 371
747 249
747 291
747 185
747 893
747 254
747 373
747 111
747 117
747 58
747 228
747 440
747 329
747 81
747 368
747 260
747 603
747 301
747 202
747 740
747 278
747 101
747 511
747 286
747 392
747 806
747 778
747 14
747 414
747 545
747 167
747 409
747 100
747 472
747 272
747 437
747 9
747 416
747 447
747 232
747 506
747 620
747 245
747 211
747 380
747 293
747 189
747 384
747 128
747 33
747 97
747 420
747 123
747 304
747 49
747 255
747 37
747 575
747 220
747 253
747 387
747 325
747 96
747 313
747 366
747 206
747 42
747 475
747 307
747 287
747 137
747 817
747 56
747 70
747 351
747 21
747 586
747 342
747 208
747 813
747 125
747 266
747 558
747 491
747 183
747 257
747 428
747 5
747 757
747 57
747 522
747 8
747 17
747 16
747 159
747 334
747 1286
747 59
747 74
747 3
747 320
747 13
747 362
747 154
747 85
747 136
747 174
747 53
747 275
747 105
747 274
747 354
747 64
747 130
747 270
747 909
747 592
747 538
747 294
747 140
747 563
747 50
747 300
747 76
747 288
751 166
751 190
751 679
751 160
751 202
751 573
757 32
757 301
757 74
757 414
757 105
757 28
757 58
757 400
757 478
757 47
757 408
757 656
757 41
757 70
757 144
757 2
757 52
757 92
757 241
757 475
757 416
757 353
757 454
757 208
757 134
757 447
757 125
757 243
757 44
757 623
757 531
757 211
757 112
757 96
757 93
757 341
757 14
757 65
757 174
757 259
757 54
757 89
757 9
757 20
757 641
757 672
757 121
757 146
757 129
757 17
757 27
757 368
757 386
757 78
757 85
757 376
757 323
757 5
757 86
757 31
757 643
757 662
757 406
757 117
757 13
757 50
757 759
757 224
757 388
757 455
757 115
757 77
757 344
758 186
758 587
758 923
758 596
758 214
758 515
773 136
773 5
773 809
773 133
773 93
773 425
773 331
773 757
773 60
773 72
773 12
773 21
773 1246
773 101
773 66
773 156
773 130
773 24
773 3
773 254
773 558
773 310
773 96
773 1196
773 756
773 779
773 121
773 416
773 635
773 146
773 83
773 27
773 1005
773 109
773 131
773 16
773 307
773 150
773 157
773 230
773 225
773 9
773 1084
773 107
773 42
773 53
773 85
773 235
773 597
773 108
773 206
773 70
773 95
773 47
773 114
773 55
773 355
773 678
773 1287
773 58
773 15
773 244
773 193
773 1288
773 245
773 34
773 159
773 222
773 319
773 56
773 32
773 285
773 64
773 934
774 320
774 64
774 416
774 60
774 96
774 264
774 86
774 344
774 9
774 353
774 363
774 304
774 127
774 115
774 2
774 329
774 386
774 140
774 56
774 27
774 420
774 251
774 749
774 292
774 57
774 87
774 92
774 58
774 646
800 641
800 64
800 530
800 54
800 696
800 188
800 573
800 163
800 460
800 112
800 68
800 102
800 6
800 181
800 53
800 184
800 58
800 81
800 662
800 50
811 166
811 189
811 207
811 516
811 121
811 644
811 680
811 361
811 183
811 586
811 188
811 608
811 672
811 776
811 640
811 948
820 682
820 208
820 167
820 475
820 183
820 185
820 202
832 649
832 341
832 207
832 361
832 167
838 134
838 373
838 560
838 53
838 193
838 120
838 308
838 136
838 178
838 278
838 925
838 241
838 174
838 48
838 798
838 223
838 416
838 17
838 523
838 185
838 162
838 184
838 89
838 210
838 130
838 662
838 74
838 235
838 123
838 244
838 70
838 29
838 183
838 313
838 115
838 41
838 460
838 14
838 141
838 7
838 298
838 37
838 85
838 233
838 125
838 84
838 597
838 121
838 464
838 78
838 507
838 280
838 50
838 620
838 117
838 12
838 517
838 13
838 76
838 508
838 406
838 132
838 519
838 420
838 179
838 262
838 54
838 66
838 281
838 72
838 366
838 64
838 860
838 222
838 58
838 173
838 112
838 60
838 167
848 423
848 207
848 814
848 159
848 287
848 150
848 409
848 278
848 79
848 78
848 193
848 32
848 281
848 220
848 157
848 20
848 100
848 906
848 742
848 85
848 418
848 77
848 75
848 786
848 225
848 315
848 292
848 131
848 47
848 757
848 43
848 561
848 384
848 617
848 416
848 446
848 560
848 68
848 98
848 309
848 117
848 728
848 206
848 628
848 38
848 247
848 802
848 410
848 111
848 249
848 53
848 254
848 2
848 257
848 419
848 306
848 350
848 472
848 385
848 46
848 550
848 23
848 95
848 238
848 428
848 149
848 300
848 344
848 307
848 293
848 55
848 662
848 591
848 282
848 60
848 10
848 430
848 388
848 299
848 13
848 25
848 6
848 661
848 396
848 297
848 58
848 51
848 222
848 268
848 8
848 96
848 328
848 407
848 620
848 1057
848 275
848 368
848 57
848 272
848 304
848 261
848 401
848 321
848 256
848 228
848 116
848 556
848 134
848 301
848 72
848 127
848 125
848 120
848 107
848 479
864 476
864 1069
864 640
864 682
864 192
871 259
871 13
871 87
871 729
871 185
871 58
871 573
871 41
871 14
871 134
871 167
871 121
871 6
871 17
871 2
871 160
871 64
871 848
871 1238
871 105
871 1285
871 85
871 188
871 125
871 42
871 329
871 649
871 65
871 199
871 56
871 751
871 335
871 166
871 210
871 39
871 202
871 174
872 121
872 593
872 696
872 1170
872 162
872 181
872 208
872 919
872 187
872 543
872 731
872 1032
872 192
872 641
872 734
872 672
872 736
872 167
872 891
872 190
872 656
872 188
872 662
872 957
872 605
872 6
872 171
872 413
872 777
872 801
872 600
872 209
872 451
872 871
872 1294
874 176
874 460
874 174
874 91
874 72
874 76
874 51
874 24
874 473
874 538
874 206
874 178
874 56
874 130
874 64
874 274
874 300
874 63
874 182
874 430
874 185
874 184
874 183
879 181
879 171
879 50
879 664
879 81
879 64
879 112
879 611
879 179
879 53
879 451
879 58
879 189
879 656
879 163
879 418
879 68
879 6
879 174
879 162
892 8
892 177
892 729
892 20
892 141
892 316
892 230
892 64
892 491
892 119
892 971
892 479
892 87
892 403
892 129
892 47
892 733
892 134
892 72
892 252
892 368
892 52
892 543
892 77
892 181
892 560
892 180
892 744
892 123
892 260
892 317
892 144
892 42
892 140
892 13
892 728
892 220
892 130
892 503
892 85
892 149
892 371
892 58
892 56
892 96
892 68
892 387
892 405
892 520
892 111
892 311
892 1271
892 196
892 409
892 350
892 222
892 116
892 426
892 147
892 656
892 492
892 343
892 383
892 286
892 6
892 59
892 44
892 112
892 370
892 591
892 298
892 555
892 226
892 1043
892 105
892 125
892 296
892 65
892 741
892 313
892 14
892 206
892 365
892 266
892 419
892 427
892 259
892 701
892 815
892 742
892 43
892 17
892 443
892 81
892 407
892 70
892 318
892 120
892 251
892 240
892 385
892 74
892 9
892 406
892 26
892 262
892 5
892 60
892 255
892 219
892 437
892 99
892 354
892 268
892 233
892 420
892 529
892 193
892 376
892 86
892 84
892 662
892 256
892 576
892 402
892 249
892 447
892 1001
892 418
892 278
892 2
892 41
892 274
892 1270
892 50
892 485
892 228
892 261
892 107
892 91
892 78
892 53
892 454
892 32
892 133
892 208
892 275
892 188
892 272
892 553
892 308
892 567
892 21
892 329
892 378
892 344
892 290
892 474
892 795
892 583
892 724
892 330
892 27
892 174
892 464
892 325
892 137
892 263
892 126
892 90
892 392
896 187
896 255
896 266
896 67
896 454
896 193
896 10
896 52
896 223
896 112
896 177
896 9
896 329
896 72
896 696
896 86
896 319
896 426
896 385
896 260
896 384
896 13
896 56
896 843
896 368
896 115
896 955
896 107
896 50
896 8
896 42
896 387
896 615
896 70
896 233
896 77
896 47
896 184
896 560
896 1058
896 129
896 652
896 141
896 90
896 146
896 5
896 41
896 554
896 58
896 313
896 102
896 195
896 149
896 268
896 810
896 519
896 37
896 1102
896 523
896 449
896 181
896 78
896 144
896 100
896 414
896 464
896 53
896 64
896 132
896 303
896 111
896 180
896 134
896 251
896 74
896 85
896 105
896 311
896 222
896 289
896 104
896 401
896 241
896 324
896 27
896 394
896 29
896 753
896 154
896 423
896 469
896 747
896 372
896 127
896 306
896 167
896 106
896 76
896 226
896 121
896 54
896 217
896 65
896 420
896 316
896 476
896 28
896 249
896 299
896 785
896 371
896 133
896 407
896 301
896 125
896 118
896 1229
896 474
896 573
896 96
896 17
896 275
898 208
898 540
898 212
898 572
898 158
898 160
898 658
898 1053
898 195
898 190
898 586
898 167
898 186
898 187
898 1068
898 185
914 51
914 457
914 462
914 1035
914 729
914 394
914 749
924 17
924 1210
924 153
924 2
924 115
924 6
924 603
924 1127
924 353
924 311
924 32
924 222
924 387
924 304
924 132
924 5
926 183
926 586
926 203
926 121
926 185
926 190
926 97
936 1183
936 182
936 203
936 767
936 753
936 455
936 162
936 30
936 167
936 610
936 31
936 24
936 48
936 53
936 756
936 495
936 528
936 4
936 49
936 58
936 63
936 132
936 473
936 253
936 101
936 779
936 666
936 1269
936 184
936 154
936 780
936 1181
936 871
936 656
936 1186
936 639
936 76
936 97
936 28
936 605
936 151
936 761
936 1175
936 418
936 183
936 190
936 765
936 896
936 143
936 40
936 764
936 204
936 241
936 212
936 68
936 152
936 153
936 651
936 148
936 6
936 1289
936 658
936 80
936 1070
936 50
936 842
936 889
936 736
936 174
936 64
936 530
936 878
936 925
936 795
936 540
936 130
936 181
936 83
936 1296
936 460
936 74
936 1143
936 824
936 195
936 179
936 597
936 23
936 728
936 69
936 632
943 147
943 211
943 773
943 972
943 404
943 10
943 385
943 125
943 123
943 181
943 26
943 401
943 17
943 807
943 335
943 319
943 325
943 105
943 376
943 1011
943 704
943 322
943 73
943 735
943 1058
943 39
943 34
943 9
943 323
943 44
943 119
943 293
943 106
943 56
943 461
943 65
943 42
943 659
943 85
943 1220
943 240
943 970
943 327
943 20
943 770
943 741
943 99
943 447
943 14
943 223
943 353
943 41
943 560
943 134
943 133
943 407
943 344
943 701
943 458
943 665
943 331
943 426
943 299
943 388
943 427
943 107
943 420
943 329
943 32
943 803
943 92
943 485
943 646
943 591
