1 86
1 87
1 88
1 89
1 90
1 91
1 92
1 93
1 94
1 95
1 96
1 97
1 98
1 99
1 100
1 101
1 102
1 103
1 104
1 105
1 106
1 107
1 108
5 237
5 238
5 77
5 239
5 240
10 143
10 273
10 459
10 74
10 130
10 270
10 182
10 342
10 460
10 294
10 306
10 333
10 246
10 401
10 67
10 144
10 461
10 76
10 173
10 400
10 41
10 462
10 463
10 5
10 409
10 319
10 102
10 414
10 464
10 465
10 426
10 254
10 43
10 257
10 423
10 72
10 311
10 223
10 304
10 61
10 466
10 364
10 99
10 371
10 369
10 437
10 1
10 96
10 226
10 467
10 184
10 457
10 100
10 70
10 308
10 253
10 97
10 289
10 290
10 105
10 274
10 27
10 116
10 324
10 468
10 10
10 57
10 469
10 440
10 272
10 14
10 384
10 64
10 98
10 9
10 50
10 52
10 470
10 309
10 117
10 288
10 107
10 217
10 310
10 206
10 137
10 39
10 58
10 90
10 185
10 471
10 472
10 152
10 230
10 473
10 434
10 474
10 278
10 303
10 298
10 475
10 110
10 476
10 351
10 13
10 154
10 140
10 211
10 56
10 8
10 63
10 353
10 265
10 275
10 159
10 267
10 477
10 292
10 177
10 478
10 51
10 420
10 479
10 95
10 480
10 428
10 481
10 16
10 269
10 174
10 482
10 249
10 108
10 59
10 430
10 483
10 286
10 484
10 453
10 367
10 129
10 485
10 486
10 349
10 60
10 302
10 251
10 233
10 34
10 487
10 255
10 222
10 488
10 242
10 123
10 183
10 416
10 261
10 410
10 489
10 268
10 490
10 491
10 49
10 132
14 130
14 20
14 74
14 184
14 158
14 473
14 112
14 208
14 76
14 569
14 597
16 5
16 464
16 51
16 73
16 99
16 313
16 140
16 157
16 14
16 72
16 52
16 615
16 342
16 331
16 70
16 233
16 238
16 401
16 20
16 333
16 207
16 41
16 369
16 129
16 115
16 17
16 413
16 474
16 27
16 423
16 420
16 437
16 430
16 1
16 364
16 261
16 384
16 478
16 122
16 193
16 39
16 188
16 119
16 56
16 447
16 61
16 240
16 84
16 13
16 472
16 8
16 480
16 132
16 286
16 206
16 482
16 105
16 311
16 74
16 265
16 107
16 523
16 171
16 302
16 77
16 351
16 65
16 400
16 601
16 211
16 616
16 257
16 319
16 288
16 55
16 181
16 617
16 100
16 310
16 223
16 123
16 299
16 126
16 50
16 618
16 147
16 78
16 86
16 619
16 9
16 454
16 620
16 177
16 251
16 185
16 621
16 220
16 316
16 85
16 301
16 622
16 81
16 150
16 141
16 130
16 57
16 528
16 560
16 623
16 2
16 278
16 43
16 64
16 284
16 138
16 33
43 63
43 744
43 20
43 5
43 138
43 745
43 192
43 183
43 257
43 81
43 74
43 107
43 638
43 455
43 188
43 193
43 460
43 549
43 184
43 58
43 50
43 296
43 642
43 9
43 77
43 72
43 53
43 211
43 134
43 182
43 14
43 689
43 181
43 245
43 68
43 244
43 32
43 261
43 98
43 522
43 65
43 132
43 286
43 724
43 84
43 166
43 13
43 207
43 70
43 28
43 313
43 420
43 121
43 136
43 413
43 54
43 130
43 64
43 726
43 400
43 514
43 2
43 528
44 121
44 81
44 132
44 751
44 476
44 50
44 528
44 130
44 197
44 74
44 58
44 192
44 20
44 53
44 361
50 4
50 253
50 760
50 132
50 71
50 511
50 208
50 540
50 212
50 761
50 762
50 101
50 513
50 756
55 52
55 14
55 47
55 177
55 53
55 543
55 65
55 41
55 58
55 13
63 170
63 130
63 666
63 58
63 91
63 55
63 69
63 166
63 31
63 83
63 188
63 244
63 511
63 473
63 827
63 764
63 179
63 253
63 475
63 662
63 35
63 183
63 68
63 780
63 572
63 174
63 24
63 575
63 63
63 173
63 332
68 656
68 181
68 140
68 715
68 208
68 58
68 121
68 183
68 253
68 68
68 184
68 132
68 174
68 64
68 53
71 307
71 253
71 174
71 54
71 24
71 387
71 500
71 300
71 183
71 82
71 130
81 584
81 136
81 148
81 177
81 74
81 284
81 171
81 845
81 193
81 9
81 751
81 50
81 846
81 184
81 6
81 173
81 106
81 528
81 181
81 68
81 10
81 174
81 253
81 792
81 65
81 125
82 235
82 24
82 174
82 162
82 132
82 180
82 53
82 6
82 50
82 183
82 130
82 58
92 274
92 749
92 53
92 37
92 529
92 663
92 52
92 901
92 74
92 492
92 902
92 418
92 298
92 122
92 50
92 476
92 171
92 271
92 244
101 662
101 6
101 241
101 180
101 58
101 181
101 53
101 924
101 54
101 641
101 179
101 656
101 751
101 208
101 418
101 413
101 611
113 845
113 649
113 207
113 130
113 933
113 934
113 101
113 165
113 177
113 179
113 54
113 64
113 639
113 551
113 475
113 935
113 801
116 31
116 105
116 676
116 571
116 316
116 57
116 785
116 92
116 275
116 72
116 144
116 121
116 232
116 182
116 261
116 829
116 152
116 259
116 53
116 860
116 460
116 163
116 40
116 64
116 373
130 412
130 951
130 833
130 361
130 94
130 818
130 515
130 39
130 284
130 406
130 85
130 413
130 301
130 937
130 437
130 418
130 114
130 952
130 643
130 118
130 621
130 148
130 27
130 618
130 576
130 734
130 803
130 11
130 733
130 426
130 750
130 475
130 809
130 662
130 125
130 8
130 601
130 767
130 171
130 902
130 704
130 698
130 138
130 641
130 33
130 520
130 110
130 238
130 335
130 350
130 673
130 29
130 26
130 105
130 160
130 801
130 751
130 953
130 899
130 877
130 721
130 523
130 223
130 124
130 101
130 954
130 454
130 772
130 461
130 48
130 116
130 810
130 496
130 548
130 250
130 735
130 291
130 376
130 642
130 955
130 743
130 474
130 956
130 117
130 623
130 668
130 529
130 447
130 957
130 324
130 385
130 958
130 744
130 388
130 219
130 715
130 303
130 365
130 613
130 701
130 5
130 959
130 854
130 527
130 741
130 30
130 960
130 874
130 677
130 106
130 961
130 770
130 962
130 963
130 591
130 325
130 32
130 377
130 752
130 792
130 281
130 351
130 503
130 872
130 964
130 539
130 646
130 144
130 542
130 965
130 240
130 6
145 622
145 448
145 319
145 901
145 382
145 166
145 689
145 970
145 991
145 369
145 516
145 646
145 237
148 244
148 50
148 7
148 233
148 290
148 85
148 838
148 291
148 287
148 38
148 373
148 301
148 669
148 115
148 569
148 206
148 136
148 254
148 473
148 295
148 25
148 74
148 371
148 652
148 230
148 420
148 58
148 47
148 157
148 20
148 112
148 21
148 116
148 309
148 53
148 14
148 86
148 70
148 43
148 313
148 419
148 60
148 13
148 724
148 98
148 245
148 134
148 423
148 99
160 100
160 13
160 43
160 307
160 1
160 228
160 14
160 656
160 42
160 49
160 76
160 677
160 65
160 21
160 400
160 157
160 268
160 159
160 71
160 246
160 241
160 478
160 491
160 369
160 253
160 63
160 34
160 513
160 461
160 384
160 50
160 58
160 759
160 716
160 136
160 56
160 83
160 130
160 669
160 177
160 310
160 405
160 28
160 284
160 235
160 2
160 309
160 554
160 458
160 511
160 882
160 171
160 175
160 16
160 664
160 601
160 59
160 70
160 20
160 105
160 598
160 300
160 283
160 182
160 272
160 217
160 174
160 829
160 308
160 109
160 834
160 91
160 630
160 258
160 211
160 604
160 154
160 90
160 73
160 244
160 108
160 208
160 185
160 31
160 270
160 753
160 64
162 68
162 677
162 53
162 641
162 6
162 734
162 455
162 112
162 13
162 58
162 656
162 513
162 600
162 696
162 469
162 1011
162 669
162 765
162 511
162 211
162 50
162 181
162 65
162 751
162 84
173 460
173 192
173 183
173 644
173 188
173 894
173 207
173 197
173 158
173 163
173 843
173 689
173 101
173 191
173 196
173 97
173 551
173 538
173 516
173 185
173 176
173 1012
173 606
173 169
173 212
173 434
173 881
173 540
173 165
173 515
173 195
173 649
173 166
173 200
173 575
173 121
173 476
175 64
175 301
175 447
175 27
175 272
175 132
175 385
175 311
175 5
175 316
175 92
175 100
175 281
175 123
175 85
175 98
175 211
175 58
175 10
175 149
175 266
175 162
175 9
175 42
180 307
180 44
180 568
180 344
180 224
180 6
180 519
180 258
180 392
180 661
180 162
180 420
180 107
180 14
180 61
180 471
180 858
180 220
180 134
180 520
180 810
180 10
180 378
180 121
180 504
180 454
180 372
180 9
180 32
180 663
180 193
180 518
180 561
180 623
180 727
180 112
180 250
180 72
180 363
180 242
180 522
180 401
180 15
182 420
182 85
182 220
182 72
182 261
182 140
195 177
195 53
195 130
195 189
195 116
195 3
195 64
195 252
195 523
195 321
195 8
195 100
195 1020
195 43
200 112
200 189
200 702
200 74
200 6
200 68
200 451
200 569
200 659
200 668
200 643
200 777
200 174
200 751
200 696
200 121
200 418
200 50
200 577
200 639
200 1037
200 656
200 543
200 924
200 373
200 641
207 121
207 193
207 68
207 400
207 310
207 511
207 496
207 98
207 95
207 737
207 177
207 97
207 287
207 778
207 8
207 10
207 106
207 84
207 42
207 108
207 13
207 353
207 222
207 72
207 303
207 81
207 372
207 416
207 272
207 506
207 181
207 300
207 631
207 468
207 641
207 522
207 51
207 254
207 274
207 206
207 401
207 420
207 107
207 418
207 523
207 220
207 5
207 217
207 259
207 350
207 126
207 225
218 157
218 296
218 568
218 131
218 130
218 70
218 3
218 354
218 97
218 317
218 106
218 300
218 222
222 818
222 742
222 543
222 104
222 368
222 134
222 869
222 363
222 41
222 149
222 1027
222 1064
222 43
222 90
222 222
222 455
222 85
222 125
222 420
222 423
222 591
222 736
222 462
222 237
222 17
222 219
222 773
222 552
222 74
222 418
222 52
222 303
222 133
222 32
222 496
222 132
222 101
222 2
222 123
222 78
222 174
222 117
222 348
222 301
222 223
222 50
222 39
222 188
222 406
222 461
222 528
222 112
222 385
222 28
222 193
222 27
222 343
222 47
222 253
222 157
222 414
222 171
222 65
222 107
222 96
222 522
222 520
222 740
222 115
222 10
222 274
222 447
222 60
222 571
222 54
222 38
222 408
222 401
222 211
222 560
222 70
222 77
222 415
222 84
222 649
222 138
222 192
222 53
222 478
222 899
222 646
222 14
222 350
222 641
222 394
222 61
222 181
222 105
222 40
222 404
222 964
222 656
222 121
222 701
222 130
222 735
222 58
222 243
222 474
222 751
222 220
222 13
222 92
222 67
222 120
222 407
222 600
222 9
222 378
222 475
222 129
222 102
222 5
233 1072
233 87
233 286
233 206
233 67
233 13
233 9
233 437
233 290
233 19
233 420
233 368
233 430
233 353
233 117
233 174
233 526
233 72
233 92
233 603
233 220
233 14
233 254
233 301
233 366
233 276
233 272
233 3
233 24
233 318
233 303
233 51
233 523
233 99
233 100
233 77
233 130
233 330
233 257
233 371
233 193
233 175
233 274
233 342
233 107
233 42
233 275
233 249
233 34
233 98
233 327
233 64
233 226
233 70
233 256
233 264
233 328
233 189
233 372
233 43
233 251
233 132
233 385
250 311
250 74
250 60
250 373
250 32
250 351
250 651
250 197
250 741
250 64
250 5
250 162
250 124
250 293
250 318
250 428
250 278
250 331
250 301
250 724
250 102
250 154
250 206
250 34
250 780
250 175
250 600
250 601
250 827
250 309
250 43
250 196
250 47
250 420
250 14
250 58
250 291
250 647
250 208
250 303
250 776
250 612
250 253
250 130
250 121
250 53
250 426
250 440
250 652
250 473
250 112
250 77
250 604
250 1085
250 123
250 759
250 72
250 1011
250 437
250 21
250 9
250 84
250 73
250 20
250 93
250 131
250 27
250 174
250 371
250 2
250 529
250 250
250 18
250 482
250 52
259 251
259 416
259 910
259 253
259 131
259 70
268 748
268 751
268 619
268 44
268 31
268 131
268 475
268 97
268 7
268 222
268 386
268 74
268 651
268 40
268 245
268 224
268 268
268 413
268 185
268 376
268 76
268 112
268 212
268 47
268 48
268 144
268 54
268 346
268 101
268 140
268 656
268 17
268 507
268 52
268 244
270 399
270 68
270 9
270 440
270 749
270 405
270 368
270 499
270 670
270 519
270 363
270 271
270 729
270 176
270 195
270 643
270 626
270 233
270 529
270 800
270 767
270 489
270 412
270 373
270 775
270 466
270 495
270 462
270 134
270 138
270 61
270 703
270 183
270 112
270 127
270 673
270 461
270 83
270 172
270 561
270 940
270 208
270 546
270 837
270 497
270 421
270 184
270 341
270 448
270 1089
270 454
270 394
270 1091
270 1104
270 96
270 493
270 53
270 4
270 27
270 366
270 58
270 625
270 413
270 792
270 12
270 507
270 851
270 310
270 114
270 744
270 168
270 900
270 54
270 74
270 369
270 542
270 322
270 1105
270 65
270 323
270 764
270 619
270 591
270 423
270 6
270 471
270 335
270 661
270 258
270 830
270 319
270 382
270 759
270 807
270 540
270 69
270 593
270 71
270 1011
270 49
270 149
270 253
270 128
270 101
270 384
270 646
270 16
270 100
270 407
270 158
270 666
270 803
270 998
270 14
270 173
270 111
275 112
275 207
275 58
275 53
275 115
276 714
276 166
276 554
276 60
276 185
276 361
276 144
276 101
276 475
276 1051
276 434
276 647
276 515
279 1119
279 1120
279 1056
279 340
279 245
279 235
279 18
279 354
279 166
279 125
279 567
279 1121
279 1067
279 519
286 126
286 412
286 156
286 208
286 222
286 364
286 206
286 496
286 455
286 21
286 740
286 488
286 131
286 1134
286 483
286 121
286 600
286 98
286 74
286 20
286 519
286 860
286 28
286 636
286 32
286 17
286 72
286 1042
286 323
286 211
286 151
286 47
286 170
286 58
286 1082
286 880
286 73
286 70
286 460
286 772
286 50
286 139
286 105
286 149
286 983
286 439
286 749
286 782
286 462
286 560
286 64
286 138
286 184
286 825
286 220
286 93
286 350
286 536
286 526
286 418
286 10
286 3
286 1135
286 69
286 810
286 253
286 96
286 162
286 114
286 924
286 751
286 157
286 107
286 24
286 521
286 371
286 489
286 724
286 234
286 242
286 992
286 830
286 564
286 605
286 225
286 303
286 224
286 77
286 1136
286 125
286 116
286 13
286 272
286 448
286 729
286 233
286 146
286 641
286 321
286 216
286 495
286 518
286 400
286 307
286 2
286 218
286 730
286 630
286 987
286 561
286 41
286 1137
286 786
286 1138
286 473
286 106
286 773
286 668
286 368
286 31
286 71
286 584
286 244
286 243
286 15
286 482
286 134
286 27
286 826
286 1003
286 673
286 426
286 501
286 120
286 388
289 876
289 74
289 241
289 716
289 451
289 341
289 641
289 235
289 656
294 55
294 511
294 64
294 112
294 208
294 920
294 241
294 31
294 74
294 341
294 751
294 513
294 28
294 641
294 666
294 197
294 188
294 253
294 716
294 284
294 191
294 455
294 97
294 6
294 58
294 413
294 130
294 48
294 20
294 162
294 689
294 642
294 669
294 830
294 53
294 212
294 656
294 71
294 166
294 183
294 174
294 49
294 434
294 50
294 1089
294 175
294 207
294 172
294 475
294 192
294 662
299 52
299 24
299 8
299 549
299 371
299 409
299 60
299 13
299 70
299 625
299 160
299 63
299 58
299 183
299 357
299 426
299 641
299 828
299 261
299 64
299 293
299 126
299 193
299 860
299 813
299 307
299 254
299 286
299 182
299 43
299 91
299 275
299 20
299 83
299 469
299 574
299 266
299 174
299 82
299 108
299 14
299 887
299 253
299 474
299 780
299 1149
299 72
299 37
299 188
299 268
299 798
299 511
299 1002
299 287
299 184
299 300
299 309
299 582
299 3
299 69
299 257
299 154
299 272
299 270
299 455
299 328
299 34
299 156
299 84
299 249
299 258
299 67
299 302
299 1075
299 900
299 267
299 150
299 28
299 12
299 131
299 136
299 9
299 525
299 368
299 259
299 278
299 617
299 123
299 332
299 244
299 390
299 217
299 47
299 519
299 7
299 109
299 416
299 19
306 15
306 632
306 24
306 158
306 184
306 540
306 764
306 176
306 130
306 500
306 83
306 473
306 97
306 91
306 162
306 183
306 1154
306 80
306 932
306 54
306 182
307 825
307 1155
307 344
307 797
307 660
307 21
307 303
307 225
307 245
307 496
307 222
307 259
307 401
307 241
307 51
307 519
307 281
307 43
307 287
307 50
307 715
307 371
307 233
307 272
309 649
309 1159
309 158
309 191
309 991
309 540
309 434
309 121
309 183
309 689
314 84
314 839
314 830
314 77
314 816
314 474
314 1160
314 907
314 132
314 559
314 1161
314 698
314 740
314 737
314 924
314 522
314 735
314 231
314 818
314 192
314 847
314 528
314 101
314 78
314 963
314 803
314 1162
314 106
314 523
314 394
314 751
314 1163
314 385
314 833
314 179
314 990
314 964
314 171
314 696
314 462
314 461
314 744
314 664
314 5
314 208
314 971
314 181
314 678
314 44
314 301
314 1013
314 614
314 953
314 1164
314 74
314 683
314 1096
314 437
314 704
314 719
314 1165
314 195
314 591
314 712
314 149
314 162
314 40
314 1100
314 618
314 568
314 987
314 318
314 564
314 1091
314 291
314 542
314 1010
314 350
314 743
314 220
314 371
314 1166
314 418
314 593
314 725
314 426
314 211
314 1167
314 714
314 721
314 1104
314 652
314 39
314 571
314 451
314 486
314 41
314 611
314 728
314 6
314 346
314 1058
314 701
314 138
314 207
314 2
314 364
314 600
314 54
314 284
314 662
314 716
314 20
314 1168
314 641
314 311
314 401
314 515
314 193
314 36
314 514
314 669
314 867
314 413
314 81
314 433
314 539
314 623
314 91
314 116
314 173
314 613
314 1028
314 972
314 960
314 656
314 854
314 1003
314 281
314 825
314 1057
314 665
314 1169
314 50
314 734
314 313
314 1044
314 420
314 406
314 804
314 605
314 1129
314 894
314 631
314 123
314 1170
314 555
319 689
319 185
319 94
319 475
319 515
319 166
330 211
330 266
330 15
330 6
330 122
330 385
330 369
330 373
330 365
330 848
330 313
330 124
330 78
330 58
330 53
330 384
330 854
330 258
330 184
330 179
330 293
330 126
330 368
330 147
330 408
330 537
330 120
330 3
330 715
330 474
330 319
330 728
330 222
330 85
330 149
330 299
330 170
330 350
330 92
330 301
330 98
330 664
330 437
330 569
330 732
330 371
330 183
330 41
330 13
330 138
330 281
330 104
330 39
330 77
330 740
330 233
330 543
330 701
330 670
330 760
330 642
330 206
330 486
330 60
330 530
330 643
330 93
330 116
330 9
330 364
330 704
330 84
330 321
330 406
330 520
330 125
330 372
330 51
330 20
330 485
330 833
330 107
330 87
330 591
330 624
330 611
330 447
330 414
330 291
330 230
330 652
330 54
330 420
330 130
330 50
330 726
330 724
330 81
330 173
330 223
330 16
330 709
330 2
330 702
330 660
330 633
330 662
330 193
330 181
330 1172
330 1094
330 388
330 471
330 221
330 238
330 180
330 220
330 261
330 5
330 747
330 68
330 115
330 523
330 656
330 117
330 737
330 721
330 748
330 311
330 560
331 74
331 3
331 420
331 130
331 170
331 533
331 5
331 538
331 582
331 108
331 390
331 56
331 158
331 18
331 251
331 616
331 102
331 471
331 159
331 76
331 522
331 635
331 146
331 484
331 100
331 60
331 183
331 683
331 152
331 1053
331 97
331 189
331 786
331 185
331 21
331 101
331 41
331 1
331 176
331 275
336 734
336 1065
336 174
336 576
336 131
336 701
336 807
336 669
336 671
336 107
336 222
336 1060
336 70
336 6
336 833
336 568
336 400
336 14
336 114
336 181
336 184
336 10
336 233
336 180
336 955
336 106
336 804
336 81
336 469
336 78
336 625
336 253
336 54
336 207
336 125
336 528
336 825
336 906
336 177
336 58
336 134
343 10
343 43
343 117
343 3
343 468
343 119
343 401
343 42
343 184
343 151
343 123
343 309
343 220
343 922
343 523
343 789
343 217
343 558
343 426
343 272
343 165
343 115
343 900
343 72
343 25
343 638
343 176
343 604
343 597
343 313
343 149
343 430
343 31
343 57
343 749
343 479
343 617
343 61
343 936
343 32
343 226
343 368
343 253
343 38
343 116
343 257
343 97
343 751
343 76
343 269
343 420
343 181
343 99
343 662
343 663
343 602
343 130
343 325
343 82
343 246
343 21
343 211
343 136
343 299
343 13
343 63
343 65
343 34
343 60
343 52
343 141
343 212
343 519
343 500
343 150
343 1184
343 274
343 327
343 106
343 292
343 50
343 87
343 118
343 511
343 1011
343 251
343 185
343 759
343 748
343 733
343 170
343 908
343 128
343 880
343 206
343 70
343 164
343 466
343 147
343 139
343 341
343 222
343 434
343 392
343 322
343 114
343 303
343 259
343 148
343 173
343 552
343 400
343 58
343 96
343 333
343 30
343 92
343 36
343 279
343 8
343 9
343 416
343 761
343 561
343 387
343 332
343 860
343 64
343 74
343 14
343 18
343 193
343 132
343 51
343 256
343 84
343 174
343 472
343 307
343 102
343 363
343 131
343 245
343 126
343 244
343 288
343 15
343 144
343 385
343 388
343 146
343 90
343 2
343 83
343 91
343 311
343 946
343 5
343 183
343 626
343 310
343 120
343 41
343 419
343 492
343 121
343 112
343 473
343 271
343 642
343 619
343 522
343 787
343 449
343 249
343 633
364 516
364 804
364 208
364 97
364 207
364 697
364 685
364 183
364 185
364 639
364 640
367 669
367 31
367 40
367 1037
367 216
367 938
367 382
367 237
367 130
367 434
367 14
367 458
367 649
367 622
367 208
367 399
367 646
367 121
367 412
367 319
367 674
367 100
367 363
367 1185
367 424
367 461
367 597
367 96
367 416
367 323
367 27
367 803
367 212
367 1191
367 475
367 185
367 397
367 74
367 673
367 26
367 941
367 58
367 9
367 744
367 423
367 238
367 101
367 16
367 421
367 191
371 368
371 241
371 87
371 181
371 73
371 13
371 9
371 100
371 721
371 58
371 5
371 51
371 41
371 251
371 303
371 206
371 420
371 50
371 64
371 138
371 96
371 311
372 529
372 646
372 654
372 319
372 27
372 803
372 643
372 775
372 551
372 756
372 195
372 424
372 104
372 439
372 639
372 322
372 622
372 123
372 183
372 34
372 16
372 989
372 575
372 154
372 998
372 323
372 369
372 399
372 515
372 475
372 65
372 600
372 339
372 208
372 238
372 239
372 465
372 14
372 744
372 237
372 648
372 169
372 845
372 9
372 124
372 640
372 461
372 901
372 423
372 163
372 1174
372 649
372 1089
372 363
372 647
372 100
372 177
372 358
372 1192
373 471
373 489
373 638
373 131
373 741
373 68
373 547
373 129
373 20
373 127
373 324
373 299
373 47
373 750
373 44
373 7
373 206
373 282
373 987
373 115
373 561
373 78
373 147
373 276
373 520
373 125
373 262
373 656
373 726
373 321
373 293
373 486
373 318
373 81
373 97
373 394
373 351
373 217
373 403
373 193
373 407
373 89
373 300
373 32
373 414
373 280
373 810
373 939
373 483
373 385
373 105
373 825
373 661
373 303
373 462
373 372
373 749
373 39
373 67
373 330
373 836
373 818
373 527
373 317
373 111
373 266
373 229
373 401
373 230
373 245
373 5
373 269
373 138
373 400
373 126
373 25
373 10
373 114
373 72
373 218
373 75
373 301
373 134
373 38
373 17
373 745
373 702
373 350
373 53
373 572
373 157
373 797
373 384
373 233
373 184
373 496
373 800
373 46
373 721
373 406
373 1128
373 344
373 136
373 77
373 900
373 226
373 378
373 519
373 241
373 860
373 618
373 26
373 311
373 91
373 364
373 41
373 464
373 676
373 58
373 437
373 123
373 258
373 739
373 99
373 85
373 357
373 149
373 420
373 287
373 607
373 222
373 454
373 95
373 60
373 192
373 418
373 107
373 118
373 522
373 37
373 365
373 263
373 70
373 65
373 449
373 140
373 13
382 310
382 309
382 547
382 1194
382 1195
382 132
382 260
382 14
382 251
382 51
382 87
382 130
382 295
382 275
382 206
382 34
382 286
382 434
382 671
382 108
382 20
382 15
382 1048
382 70
386 58
386 716
386 259
386 112
386 656
386 451
386 241
386 644
386 659
386 662
386 795
386 64
391 14
391 625
391 251
391 8
391 51
391 206
391 81
391 368
391 144
391 309
391 786
391 292
391 3
391 183
391 60
391 64
391 295
391 288
391 319
391 123
391 5
391 353
391 12
391 840
391 491
391 420
391 193
391 109
391 354
391 434
391 307
391 513
391 116
391 342
391 171
391 147
391 275
391 633
391 278
391 381
391 108
391 181
391 130
391 257
391 56
391 70
391 258
391 316
391 315
391 286
391 384
391 41
391 13
391 604
391 134
391 100
391 261
391 600
391 67
391 132
391 385
391 58
391 414
391 42
391 99
391 464
391 87
391 10
391 166
391 501
391 465
391 157
391 299
391 226
391 9
391 98
391 317
391 34
391 528
398 57
398 282
398 289
398 85
398 233
398 107
398 78
398 430
398 72
398 261
398 317
398 800
398 137
398 147
398 150
398 350
398 96
398 226
398 814
398 560
398 149
398 488
398 305
398 117
398 304
398 76
398 141
398 99
398 311
398 217
398 144
398 348
398 116
398 10
398 138
398 256
398 274
398 387
398 134
398 474
398 32
398 140
398 17
398 301
398 410
398 384
398 583
398 126
398 454
398 330
398 16
398 272
398 368
398 222
402 54
402 162
402 179
402 278
402 74
402 64
402 624
402 100
402 20
402 261
402 67
402 275
402 112
402 17
402 68
402 528
402 76
402 56
402 287
402 465
402 58
402 177
402 183
402 259
402 121
402 786
402 106
402 43
402 341
402 123
402 80
402 78
402 181
402 50
402 174
402 132
402 272
402 288
402 77
402 184
402 70
402 63
402 543
402 81
402 244
402 130
402 53
407 32
407 437
407 906
407 400
407 2
407 364
407 461
407 50
407 503
407 560
407 220
407 520
407 787
407 144
407 120
407 299
407 511
407 10
407 20
407 137
407 488
407 646
407 6
407 72
407 704
416 31
416 420
416 207
416 195
416 301
416 515
416 40
416 669
416 2
416 501
416 668
416 96
416 71
416 211
416 164
416 330
416 24
416 49
416 728
416 101
416 646
416 68
416 455
416 600
416 842
416 257
416 74
416 572
416 574
416 16
416 475
416 548
416 507
416 489
416 593
416 630
416 364
416 558
416 642
416 131
416 56
416 116
416 437
416 114
416 60
416 81
416 369
416 641
416 177
416 288
416 97
416 1010
416 400
416 165
416 76
416 830
416 162
416 26
416 188
430 332
430 303
430 463
430 154
430 181
430 100
430 237
430 177
430 208
430 185
430 152
430 183
430 123
430 9
430 130
430 76
430 300
430 112
430 14
430 58
430 259
430 75
430 192
430 53
430 193
430 121
430 901
430 80
430 150
430 264
430 1143
430 256
430 70
430 20
430 165
430 164
430 5
430 64
431 183
431 572
431 894
431 188
431 476
431 207
431 192
431 165
453 9
453 40
453 823
453 74
453 106
453 325
453 110
453 211
453 656
453 85
453 130
453 101
453 216
453 174
453 208
453 44
453 455
453 61
453 414
453 13
453 253
453 58
453 420
453 148
453 254
453 193
453 90
453 206
453 125
453 70
453 60
453 716
453 121
453 10
453 123
453 241
453 704
453 41
453 809
453 284
453 53
453 478
453 67
453 32
453 26
453 220
453 78
453 259
453 400
453 511
453 177
453 867
453 14
453 171
453 664
453 181
453 2
453 52
453 73
453 388
453 68
463 130
463 182
463 176
463 76
463 152
463 81
463 651
463 780
463 473
463 513
463 74
463 20
463 624
463 569
463 1175
463 882
463 101
463 121
463 151
463 49
463 511
463 4
463 173
463 1064
463 181
463 185
463 143
463 80
463 418
463 528
463 925
463 184
463 40
463 493
463 183
463 516
463 97
472 229
472 92
472 552
472 765
472 240
472 1062
472 543
472 736
472 31
472 750
472 773
472 53
472 1042
472 105
472 664
472 561
472 631
472 378
472 376
472 591
472 415
472 1168
472 396
472 743
472 43
472 421
472 544
472 1145
472 208
472 323
472 330
472 742
472 810
472 800
472 576
472 1003
472 854
472 424
472 344
472 87
472 118
472 401
472 569
472 572
472 981
472 32
472 816
472 71
472 496
472 670
472 674
472 553
472 461
472 78
472 318
472 787
472 100
472 711
472 345
472 1036
472 138
472 1040
472 115
472 740
472 16
472 14
472 382
472 1174
472 555
472 870
472 27
472 6
472 665
472 792
472 774
472 797
472 122
472 231
472 733
472 527
472 601
472 243
472 734
472 752
472 335
472 803
472 709
472 133
472 145
472 5
472 678
472 134
472 125
472 116
472 311
472 413
472 55
472 579
472 13
472 238
472 110
472 346
472 197
472 385
472 39
472 869
472 703
472 21
472 1072
472 372
472 230
472 662
472 388
472 129
472 112
472 418
472 54
472 770
472 1161
472 642
472 661
472 748
472 1232
472 407
472 548
472 96
472 86
472 72
472 207
472 414
472 319
472 38
472 795
472 1056
472 772
472 523
472 322
472 130
472 107
472 126
472 384
472 15
472 58
472 611
472 2
472 281
472 219
472 1233
472 17
473 177
473 824
473 54
473 174
473 175
473 829
473 101
473 473
473 68
473 63
473 184
473 161
473 132
473 24
473 165
473 76
473 185
473 154
473 666
473 40
473 835
473 253
473 182
473 64
473 91
477 593
477 584
477 729
477 483
477 81
477 149
477 179
477 68
477 638
477 1237
477 460
477 749
477 745
477 560
477 171
477 725
477 736
477 730
477 738
477 514
477 114
477 181
477 796
477 851
477 576
477 151
477 207
477 542
477 591
477 413
477 184
477 162
477 298
477 321
477 138
496 193
496 900
496 602
496 106
496 211
496 141
496 33
496 53
496 750
496 74
496 264
496 938
496 98
496 956
496 230
496 40
496 424
496 47
496 110
496 58
496 134
496 1126
496 85
496 72
496 224
496 9
496 17
496 14
496 10
496 101
496 332
496 501
496 13
496 170
496 272
496 323
496 1058
496 37
496 41
496 105
496 44
496 89
496 421
506 280
506 58
506 282
506 394
506 574
506 351
506 385
506 207
506 641
506 286
506 677
506 464
514 66
514 125
514 787
514 133
514 740
514 807
514 176
514 749
514 105
514 869
514 298
518 734
518 68
518 597
518 180
518 777
518 451
518 670
518 130
518 112
518 413
518 465
518 83
518 543
518 177
518 611
518 656
518 624
518 765
518 751
518 605
518 584
518 253
518 549
518 174
518 418
518 6
518 62
518 600
518 154
518 50
518 460
518 500
518 507
518 181
518 641
518 15
518 899
518 662
522 130
522 256
522 134
522 193
522 29
522 228
522 416
522 430
522 123
522 59
522 288
522 8
522 34
522 855
522 248
522 211
522 274
522 67
522 319
522 43
522 292
522 353
522 278
522 126
522 70
522 251
532 516
532 683
532 479
532 729
532 515
534 734
534 235
534 871
534 656
534 181
534 715
534 528
534 981
534 241
534 845
534 601
534 1150
534 547
534 889
534 600
534 341
534 1061
534 20
534 670
534 894
534 639
534 641
534 976
534 795
534 1092
534 751
534 899
534 532
534 736
534 177
534 207
534 50
534 664
534 6
534 148
534 1173
534 81
534 413
534 660
534 15
534 833
534 191
534 253
534 572
534 475
534 1256
534 943
534 643
534 74
534 284
534 777
534 68
534 154
534 503
534 55
534 696
534 208
534 980
534 905
534 188
534 171
534 174
534 597
534 543
534 511
538 633
538 2
538 72
538 181
538 311
538 217
538 105
538 9
538 420
538 107
538 14
538 368
538 32
538 60
538 385
538 64
538 449
538 27
538 211
538 42
538 184
538 52
538 220
538 130
538 117
538 123
538 65
538 222
538 41
538 102
538 17
538 193
538 325
538 57
538 85
538 272
538 264
538 56
538 96
538 13
538 147
538 58
538 47
543 43
543 519
543 65
543 79
543 528
543 128
543 37
543 457
543 296
543 17
543 526
543 149
543 407
543 278
543 309
543 39
543 463
543 427
543 47
543 751
543 217
543 165
543 123
543 146
543 240
543 426
543 558
543 259
543 181
543 474
543 1189
543 87
543 100
543 749
543 325
543 111
543 117
543 384
543 132
543 24
543 616
554 84
554 313
554 183
554 141
554 9
554 420
554 115
554 117
554 132
554 230
554 427
554 543
554 128
554 65
554 642
554 13
554 24
554 193
554 157
554 474
554 623
554 211
554 147
554 530
554 112
554 220
554 111
554 20
554 461
554 116
554 162
554 560
554 6
554 662
554 184
554 301
554 385
554 454
554 318
554 447
554 41
554 129
554 78
554 460
554 310
554 2
554 696
554 303
554 968
554 81
554 98
554 77
554 329
554 58
554 104
554 233
554 14
554 656
554 72
554 53
554 85
568 472
568 819
568 97
568 16
568 1002
568 253
568 309
568 75
568 895
568 409
568 254
568 249
568 307
568 384
568 258
568 280
568 273
568 158
568 983
568 35
568 261
568 443
568 43
568 316
568 14
568 65
568 806
568 272
568 140
568 130
568 165
568 362
568 392
568 64
568 299
568 491
568 220
568 270
568 827
568 72
568 287
568 286
568 8
575 134
575 99
575 299
575 9
575 17
575 65
575 96
575 206
575 193
575 384
575 70
593 330
593 65
593 217
593 744
593 32
593 394
593 107
593 138
593 104
593 1211
593 27
593 137
593 529
593 354
593 127
593 400
593 375
593 220
593 134
593 494
593 372
593 39
593 462
593 423
593 591
593 561
593 486
593 818
593 528
593 368
593 98
593 208
593 222
593 181
593 263
593 193
593 166
593 816
593 60
593 149
593 311
593 416
593 25
593 147
601 212
601 53
601 281
601 13
601 174
601 311
601 423
601 31
601 55
601 416
601 493
601 286
601 366
601 1264
601 64
601 405
601 10
601 98
601 72
601 16
601 85
601 284
601 93
601 238
601 664
601 5
601 41
601 131
601 458
601 222
601 141
601 22
601 299
601 342
601 25
601 61
601 112
601 263
601 127
601 116
601 27
601 121
601 125
601 760
601 511
601 129
601 235
601 396
601 237
601 206
601 43
601 193
601 134
601 639
601 70
601 272
601 140
601 261
601 58
601 387
601 602
601 197
601 253
601 130
601 860
601 36
601 218
601 115
601 916
601 180
601 132
601 344
601 126
601 146
606 81
606 569
606 208
606 74
606 91
606 418
606 600
606 68
606 553
606 656
606 20
606 31
606 181
606 130
606 6
606 728
606 49
606 341
606 241
606 511
606 662
606 162
606 175
606 373
606 795
606 53
606 58
606 253
606 171
606 647
606 543
606 64
606 180
606 644
606 177
606 50
606 507
606 413
633 84
633 329
633 523
633 100
633 623
633 968
633 220
633 704
633 335
634 604
634 181
634 662
634 185
634 183
634 696
634 154
634 341
634 130
634 74
634 743
634 171
634 924
634 58
634 641
634 6
634 980
634 777
634 418
634 600
634 598
634 64
634 191
634 845
634 253
634 543
634 132
634 612
634 259
634 81
634 182
634 55
634 68
634 528
634 920
634 644
634 767
634 656
634 174
634 28
634 413
634 207
634 756
634 1023
634 284
634 500
634 49
634 882
634 465
634 765
634 180
634 451
634 162
638 27
638 58
638 284
638 39
638 85
638 53
638 52
638 259
638 129
638 47
638 228
638 60
638 111
638 100
638 345
638 6
638 10
638 78
638 344
638 13
638 451
638 105
638 70
638 17
638 112
638 223
638 256
638 656
638 217
638 41
638 400
638 335
638 16
638 21
638 125
640 125
640 189
640 13
640 920
640 528
647 772
647 572
647 491
647 371
647 392
647 315
647 112
647 464
647 8
647 299
647 641
647 179
647 652
647 120
647 41
647 388
647 748
647 149
647 6
647 406
647 734
647 81
647 206
647 134
647 301
647 65
647 740
647 662
647 311
647 231
647 104
647 87
647 51
647 188
647 117
647 716
647 32
647 2
647 266
647 394
647 751
647 13
661 27
661 278
661 543
661 303
661 140
661 238
661 237
661 77
661 82
661 206
661 310
661 244
661 107
661 181
661 70
661 225
661 220
661 291
661 60
661 67
661 257
661 420
661 84
661 134
661 328
661 299
661 409
661 39
661 233
661 99
661 157
661 245
661 52
661 224
661 301
661 313
661 85
661 75
661 53
661 13
661 43
661 51
661 489
661 193
661 437
661 298
661 333
661 121
661 5
661 125
661 50
661 259
661 16
661 115
661 423
661 128
661 17
661 207
661 78
661 57
661 416
661 311
661 407
661 251
661 341
661 58
661 136
664 416
664 47
664 42
664 354
664 249
664 300
664 271
664 70
664 65
664 51
664 419
664 18
664 125
664 136
664 522
664 102
664 550
664 267
664 85
664 260
664 5
664 64
664 331
664 19
664 261
664 307
664 3
664 479
664 403
664 268
664 384
664 82
664 554
664 157
664 251
664 144
664 183
664 342
664 299
664 116
664 21
664 66
664 454
664 278
664 123
664 32
664 59
664 131
664 301
664 540
664 222
664 137
664 392
664 174
664 264
664 58
664 99
664 185
664 14
664 789
664 61
664 20
664 385
664 182
664 244
664 477
664 24
664 998
664 272
664 453
664 287
664 139
664 459
664 519
664 56
664 280
664 430
664 10
664 134
664 9
664 333
664 447
664 617
664 407
664 286
664 115
664 464
664 77
664 176
664 484
664 50
664 400
664 311
664 13
664 255
664 8
664 193
664 558
664 96
664 254
664 130
664 296
664 754
664 147
664 2
670 286
670 414
670 620
670 115
670 81
670 13
670 278
670 333
670 261
670 275
670 354
670 459
670 472
670 816
670 57
670 293
670 313
670 268
670 384
670 72
670 464
670 304
670 112
670 476
670 105
670 17
670 52
670 274
670 1000
670 281
670 272
670 10
680 151
680 174
680 244
680 28
680 728
680 132
680 9
680 136
680 656
680 182
680 105
680 183
680 259
680 68
680 97
680 193
680 91
680 158
680 24
680 58
680 63
680 74
680 523
680 207
680 50
680 247
680 241
680 20
680 54
684 67
684 282
684 181
684 78
684 53
684 641
684 50
684 469
684 642
684 656
684 117
684 171
684 130
684 715
684 736
684 385
684 58
684 85
684 244
689 341
689 696
689 74
689 31
689 112
689 55
689 81
689 455
689 572
689 6
689 664
689 58
689 91
689 543
689 662
689 253
689 188
689 54
689 656
689 53
689 658
689 121
692 130
692 841
692 78
692 60
692 192
692 68
692 188
692 126
692 743
692 611
692 217
692 99
692 922
692 54
692 284
692 568
692 50
694 230
694 72
694 32
694 118
694 281
694 188
694 454
694 92
694 105
694 132
694 410
694 57
694 58
694 319
694 6
694 184
694 67
694 486
694 41
694 107
694 51
694 430
694 9
694 247
694 443
694 117
694 895
694 13
694 263
694 367
694 140
694 53
694 220
694 144
694 368
694 116
694 474
694 447
694 90
694 357
694 125
694 282
694 422
694 222
694 737
694 278
694 354
694 327
694 491
694 709
694 96
694 133
694 404
694 181
694 366
694 115
694 306
694 129
694 311
694 552
694 387
694 304
694 64
694 87
694 256
694 248
694 275
694 149
694 718
694 627
694 39
694 42
694 317
694 257
694 419
694 1001
694 813
694 329
694 428
694 82
694 472
694 288
694 47
694 523
694 420
694 293
694 485
694 543
694 321
694 333
694 892
694 43
694 384
694 272
694 25
694 193
694 303
694 52
694 814
694 382
694 416
694 99
694 396
694 315
694 301
694 269
694 309
694 226
694 299
694 286
694 353
694 290
694 130
694 398
694 2
694 316
694 98
694 292
694 78
694 260
694 251
694 85
694 223
694 276
694 268
694 120
694 84
694 236
694 16
694 81
694 217
694 206
694 27
694 325
694 464
708 341
708 584
708 50
708 754
708 58
708 664
708 179
708 298
708 373
708 507
708 418
708 987
708 162
708 543
708 652
708 767
708 662
708 656
708 493
708 53
708 568
711 5
711 68
711 605
711 173
711 500
711 58
711 332
711 183
711 16
711 612
711 925
711 95
711 8
711 251
711 53
711 253
711 184
711 635
711 121
711 20
715 2
715 284
715 53
715 107
715 180
715 492
715 740
715 78
715 13
715 91
715 765
715 147
715 61
715 770
715 123
715 133
715 92
715 117
715 566
715 871
715 455
715 519
715 253
715 141
715 522
715 193
715 85
715 111
715 114
715 630
715 420
715 401
715 528
715 208
715 773
715 416
715 39
715 413
715 65
715 90
715 485
715 50
715 106
715 28
715 810
715 70
715 5
715 84
715 23
715 32
715 353
715 18
715 341
715 400
715 54
715 17
715 307
715 371
715 211
715 100
715 496
715 134
715 1060
715 96
715 77
715 177
715 101
715 278
715 447
715 105
715 14
715 48
715 462
715 9
715 41
715 44
715 716
715 56
715 507
715 58
715 6
715 89
715 181
715 52
715 623
721 689
721 388
721 449
721 422
721 117
721 58
721 192
721 206
721 350
721 385
721 188
721 303
721 218
721 742
721 560
721 193
721 41
721 32
721 99
721 685
721 21
721 394
721 134
721 416
721 420
721 341
721 162
721 107
721 104
721 53
721 860
721 22
721 85
721 13
721 544
721 313
721 522
721 57
721 1101
721 51
721 133
721 235
721 84
721 220
721 372
721 454
721 122
721 81
721 183
721 515
721 368
721 97
721 615
721 166
721 5
721 392
721 171
721 649
721 800
721 101
721 378
721 78
721 1284
721 112
721 894
721 64
721 226
721 50
721 180
721 591
721 115
721 793
721 222
721 118
721 39
725 476
725 121
725 188
725 130
725 81
725 53
725 183
725 132
725 475
725 894
725 80
725 166
725 877
725 1096
725 572
725 689
725 192
725 174
735 50
735 121
735 132
735 475
735 174
735 516
735 780
735 68
735 182
735 253
735 76
735 183
735 455
735 158
735 189
735 53
735 540
735 259
735 208
735 58
735 83
735 184
735 188
735 181
735 64
760 491
760 987
760 418
760 720
760 78
760 591
760 208
760 321
760 415
760 1096
760 162
760 1228
760 301
760 1072
760 105
760 910
760 728
760 572
760 121
761 987
761 751
761 924
761 413
761 643
761 53
761 58
761 121
761 208
761 112
761 172
761 530
761 928
761 175
761 81
761 184
761 353
761 659
761 181
761 572
761 656
761 418
761 74
761 173
761 171
761 600
761 476
764 476
764 523
764 301
764 447
764 303
764 104
764 130
764 696
764 132
764 311
764 211
764 96
764 913
764 371
764 669
764 24
764 84
764 611
764 81
764 230
764 460
764 364
764 404
764 13
764 233
764 6
764 584
764 715
764 86
764 171
764 618
764 116
764 461
764 47
764 718
764 77
764 656
764 50
764 662
764 728
764 180
764 14
764 181
764 418
764 179
764 184
764 5
764 41
764 162
764 968
764 474
764 20
764 530
764 845
764 987
764 2
764 112
764 437
764 330
764 74
764 310
764 623
764 193
764 183
764 319
764 420
764 9
764 107
770 553
770 166
770 648
770 511
770 50
770 179
770 543
770 597
770 68
770 413
770 188
770 172
770 4
770 651
770 460
770 171
770 639
770 208
770 20
770 74
770 49
770 641
770 165
770 81
770 649
770 669
770 121
770 572
770 455
770 24
770 780
770 434
770 668
770 253
770 184
770 40
770 475
770 112
770 31
770 656
770 609
770 373
770 130
770 101
770 284
770 164
770 569
770 154
770 644
770 162
770 54
770 606
770 924
772 689
772 649
772 196
772 640
772 515
772 189
772 195
772 188
772 644
772 894
772 358
772 192
772 207
772 121
772 191
772 476
772 185
777 70
777 206
777 50
777 107
777 516
777 14
777 353
777 656
777 274
777 106
777 1183
777 303
777 2
777 78
777 254
777 81
777 102
777 60
777 285
777 177
777 251
777 132
777 256
777 474
777 501
777 19
777 208
777 32
777 476
779 54
779 341
779 301
779 660
779 105
779 715
779 871
779 373
779 162
779 184
779 418
779 702
779 543
779 369
779 179
779 77
779 58
792 76
792 1289
792 647
792 1286
792 74
792 341
792 130
792 882
792 154
792 83
792 751
792 50
792 513
792 6
792 568
792 81
798 1203
798 388
798 516
798 365
798 1164
798 231
798 219
798 550
798 133
798 1137
798 1225
798 1214
798 555
798 483
798 78
798 544
798 149
798 99
798 305
798 1235
798 318
798 474
798 117
798 77
798 850
798 576
798 72
798 1135
798 125
798 13
798 111
798 733
798 740
798 230
798 496
798 375
798 1148
798 874
798 854
798 281
798 852
798 466
798 70
798 741
798 354
802 43
802 207
802 644
802 399
802 391
802 188
802 238
802 74
802 333
802 100
802 363
802 674
802 197
802 121
802 941
802 169
802 185
802 412
802 707
802 649
802 191
802 640
802 411
802 646
802 26
802 771
802 9
802 689
802 382
802 358
802 458
802 319
802 99
802 237
802 27
802 381
802 572
802 96
802 397
802 475
812 208
812 649
812 207
812 572
812 640
812 877
812 192
812 1096
812 475
812 515
812 188
812 683
837 728
837 614
837 298
837 80
837 173
837 460
837 83
837 151
837 184
837 183
837 207
837 121
837 20
837 192
837 162
837 418
837 764
837 182
837 493
839 795
839 253
839 154
839 1023
839 182
839 183
839 649
839 162
839 766
839 58
839 235
839 49
839 121
839 780
839 656
839 64
839 644
839 15
839 728
839 50
839 985
839 604
839 475
844 41
844 745
844 1257
844 58
844 193
844 420
844 107
844 20
844 344
844 121
844 749
844 125
844 14
844 69
844 53
844 860
844 241
844 70
844 656
844 233
844 134
844 406
844 79
844 519
844 73
844 602
844 66
844 230
844 741
844 13
844 371
844 661
844 85
844 127
844 77
844 130
844 123
844 54
851 376
851 985
851 478
851 211
851 1037
851 85
851 601
851 919
851 60
851 59
851 577
851 447
851 55
851 371
851 116
851 71
851 503
851 451
851 52
851 56
851 90
851 899
851 418
851 115
851 65
851 301
851 154
851 689
851 31
851 5
851 1
851 67
851 14
851 748
851 331
851 41
851 78
851 455
851 272
851 313
851 1056
851 102
851 251
851 132
851 92
851 28
851 284
851 34
851 226
851 96
851 696
851 278
851 13
851 29
851 795
851 100
851 571
851 216
851 400
851 77
851 123
851 253
851 745
864 244
864 58
864 177
864 83
864 76
864 207
864 74
864 174
864 63
864 50
864 130
864 716
864 662
864 181
864 132
864 184
864 652
864 173
864 528
864 121
864 208
864 6
864 641
868 89
868 50
868 47
868 1
868 27
868 134
868 243
868 414
868 96
868 309
868 409
868 416
868 20
868 157
868 299
868 125
868 597
868 18
868 9
868 91
868 140
868 235
868 601
868 266
868 841
868 58
868 253
868 115
868 146
868 778
868 251
868 244
868 245
868 598
868 34
868 108
868 116
868 42
868 29
868 53
868 278
868 218
868 650
868 782
868 770
868 109
868 276
868 381
868 5
868 483
868 136
868 64
868 392
868 224
868 742
868 7
868 449
868 345
868 195
868 1102
868 73
868 282
868 130
868 74
868 100
868 349
868 123
868 401
868 57
868 43
868 13
868 101
868 60
868 568
868 85
870 260
870 617
870 107
870 554
870 331
870 53
870 157
870 307
870 416
870 114
870 131
870 84
870 10
870 303
870 718
870 41
870 810
870 153
870 809
870 66
870 138
870 250
870 937
870 70
870 83
870 585
870 85
870 334
870 447
870 283
870 146
870 553
870 472
870 144
870 206
870 78
870 278
870 354
870 426
870 638
870 211
875 937
875 136
875 434
875 603
875 300
875 156
875 98
875 101
875 428
875 309
875 96
875 291
875 134
875 414
875 17
875 342
875 53
875 249
875 303
875 123
875 297
875 759
875 260
875 85
875 27
875 283
875 475
875 311
875 58
875 430
875 121
875 5
875 16
875 275
875 9
875 13
875 460
875 105
875 43
875 384
875 14
875 633
875 437
875 42
875 258
875 453
875 263
875 661
875 106
875 195
875 602
875 501
875 606
875 261
875 307
875 208
875 84
875 97
875 489
875 159
875 251
875 217
875 220
875 206
875 571
875 185
875 225
875 256
875 34
875 8
875 278
875 416
875 781
875 884
881 735
881 98
881 220
881 419
881 251
881 576
881 78
881 402
881 112
881 815
881 83
881 47
881 27
881 300
881 43
881 416
881 352
881 543
881 617
881 171
881 9
881 401
881 223
881 249
881 64
881 1011
881 591
881 656
881 548
881 272
881 238
881 553
881 742
881 211
881 13
881 8
881 461
881 475
881 130
881 129
881 506
881 268
881 750
881 111
881 301
881 2
881 174
881 276
881 256
881 6
881 264
881 413
881 329
881 418
881 662
881 292
881 105
881 122
881 38
881 206
881 733
881 527
881 59
881 430
881 278
881 313
881 107
881 325
881 484
881 42
881 92
881 5
881 16
881 41
881 77
881 274
881 736
881 34
881 57
881 50
881 315
881 424
881 523
881 219
881 281
881 74
881 96
881 84
881 350
881 266
881 282
881 259
881 118
881 512
881 290
881 353
881 85
881 86
881 406
881 87
881 378
881 409
881 275
881 348
881 641
881 54
881 65
881 414
881 369
881 257
881 951
881 228
881 72
881 117
881 53
881 447
881 407
881 560
884 473
884 233
884 184
884 132
884 97
884 416
884 428
884 526
884 121
884 253
884 130
884 254
884 218
884 101
884 287
884 64
884 307
884 446
884 602
884 24
884 259
884 146
884 258
884 19
884 288
884 182
884 759
884 246
886 21
886 1013
886 729
886 751
886 23
886 134
886 206
886 74
886 216
886 39
886 193
886 759
886 272
886 9
886 154
886 85
886 780
886 701
886 905
886 56
886 156
886 119
886 50
886 301
886 41
886 91
886 10
886 42
886 112
886 276
886 309
886 208
886 127
886 414
886 333
886 419
886 453
886 253
886 867
886 623
886 90
886 804
886 181
886 492
886 800
886 793
886 677
886 311
886 625
886 18
886 65
886 105
886 140
886 704
886 388
886 67
886 101
886 64
886 513
886 29
886 920
886 1058
886 96
886 504
886 762
886 132
886 110
886 130
886 70
886 123
886 72
886 61
886 52
886 564
886 115
886 325
886 141
886 107
886 469
886 243
886 84
886 26
886 14
886 597
886 478
886 251
886 147
886 111
886 354
886 5
886 345
886 77
886 703
886 106
886 568
886 698
886 34
886 971
886 366
886 576
886 47
886 13
886 392
886 265
886 3
886 53
886 322
886 490
886 241
886 426
886 73
886 157
886 423
886 284
886 27
886 87
886 401
886 951
886 58
886 211
886 741
900 349
900 309
900 207
900 76
900 278
900 336
900 193
900 272
900 130
900 353
900 154
900 181
900 316
901 254
901 714
901 41
901 776
901 847
901 668
901 123
901 32
901 70
901 257
901 301
901 115
901 413
901 52
901 605
901 406
901 17
901 407
901 386
901 572
901 717
901 1259
901 100
901 375
901 39
901 54
901 13
901 662
901 118
901 53
901 256
901 281
901 43
901 365
901 282
901 129
901 574
901 725
901 84
901 6
901 462
901 530
901 117
901 318
901 733
901 740
901 237
901 107
901 350
901 226
901 99
901 1170
901 85
901 227
901 394
901 105
901 58
901 591
901 125
901 50
901 220
901 321
901 112
901 78
901 656
901 149
901 77
901 852
901 704
901 217
901 387
901 709
901 636
901 736
901 420
901 1260
901 147
901 138
901 560
901 894
901 81
912 60
912 725
912 116
912 131
912 272
912 311
912 523
912 220
912 286
912 480
912 193
912 51
912 99
912 368
912 24
912 150
912 70
912 134
912 81
912 238
912 84
912 261
912 247
912 5
912 59
912 437
912 256
912 354
912 401
912 257
912 410
912 281
912 206
912 291
912 299
919 606
919 78
919 458
919 787
919 426
919 191
919 189
919 233
919 475
919 165
919 77
919 185
937 184
937 132
937 182
937 259
937 164
937 35
937 624
937 175
937 188
937 24
937 49
937 121
937 244
937 183
937 189
937 549
937 76
937 30
937 172
937 58
937 165
937 173
937 181
937 666
937 473
