6 24
6 9
6 246
6 247
6 34
6 248
6 249
6 250
6 206
6 184
6 152
6 217
6 251
6 252
6 253
6 254
6 8
6 255
6 157
6 80
6 21
6 256
6 257
6 258
6 230
6 259
6 98
6 260
6 261
6 262
6 263
6 264
6 265
6 266
6 159
6 43
6 267
6 268
6 57
6 27
6 269
6 51
6 105
6 270
6 271
6 272
6 60
6 18
6 126
6 273
6 108
6 76
6 14
6 274
6 42
6 275
6 189
6 276
6 97
6 141
6 193
6 277
6 130
6 278
6 279
6 280
6 75
6 281
6 58
6 282
6 136
6 283
6 284
6 285
6 286
6 287
6 288
6 289
6 290
6 291
6 292
6 293
6 63
6 5
6 13
6 294
6 295
6 296
6 10
6 297
6 72
6 298
6 140
6 244
6 299
6 226
6 46
6 99
6 300
6 87
6 123
6 185
6 301
6 70
6 16
6 134
6 302
6 222
6 47
6 59
6 303
6 304
6 305
6 306
6 64
6 50
6 158
6 116
6 307
6 308
6 309
6 95
6 102
6 132
6 310
6 176
6 311
6 312
6 107
6 56
6 313
6 314
6 315
13 9
13 215
13 385
13 14
13 257
13 118
13 530
13 531
13 532
13 120
13 53
13 533
13 6
13 108
13 91
13 534
13 289
13 535
13 52
13 368
13 536
13 537
13 451
13 335
13 538
13 140
13 106
13 251
13 539
13 254
13 5
13 225
13 19
13 70
13 540
13 541
13 149
13 542
13 185
13 126
13 302
13 39
13 165
13 370
13 37
13 63
13 247
13 292
13 67
13 109
13 265
13 238
13 543
13 111
13 300
13 409
13 544
13 545
13 222
13 131
13 402
13 130
13 301
13 291
13 546
13 449
13 547
13 340
13 160
13 32
13 548
13 549
13 501
13 371
13 174
13 272
13 220
13 286
13 101
13 324
13 550
13 484
13 304
13 414
13 551
13 552
13 491
13 553
13 296
13 55
13 121
13 100
13 47
13 34
13 226
13 345
13 400
13 17
13 181
13 554
13 256
13 246
13 364
13 167
13 307
13 555
13 472
13 419
13 490
13 556
13 386
13 287
13 381
13 383
13 303
13 557
13 77
13 163
13 442
13 468
13 483
13 95
13 351
13 430
13 83
13 429
13 268
13 123
13 453
13 240
13 316
13 224
13 558
13 559
13 280
13 92
13 87
13 27
13 504
13 560
13 299
13 524
13 561
13 99
13 228
13 562
13 159
13 78
13 521
13 248
13 333
13 499
13 563
13 463
13 35
13 110
13 454
13 41
13 564
13 565
13 566
13 168
13 391
13 567
13 568
13 141
13 474
13 288
13 57
13 102
13 1
13 58
13 569
13 570
13 358
13 147
13 571
13 355
13 51
13 86
13 115
13 572
13 162
13 573
13 133
13 305
13 2
13 276
13 275
13 150
13 574
13 219
13 217
13 187
13 85
13 308
13 407
13 575
13 64
13 309
13 13
13 576
13 577
13 21
13 116
13 578
13 579
13 42
13 342
13 328
13 580
13 581
13 408
13 582
13 583
13 84
13 584
13 285
13 43
13 313
13 182
13 255
13 585
13 473
13 56
13 325
13 230
28 157
28 65
28 9
28 74
28 378
28 100
28 58
28 123
28 672
28 26
28 171
28 278
28 130
28 13
28 523
28 210
28 115
28 112
28 406
28 261
28 381
28 47
28 102
28 233
28 237
28 673
28 121
28 238
28 211
28 423
28 397
28 105
28 14
28 86
28 96
28 387
28 656
28 84
28 208
28 16
28 411
28 129
28 17
28 622
28 447
28 646
28 674
28 32
28 287
28 236
29 245
29 515
29 675
29 9
29 676
29 160
29 97
29 551
29 185
29 207
29 183
29 278
29 316
29 65
29 56
29 101
29 123
29 498
29 677
29 251
29 176
29 333
29 165
31 268
31 185
31 43
31 464
31 342
31 257
31 289
31 196
31 300
31 76
31 159
31 21
31 315
31 648
31 540
31 169
31 266
31 575
31 210
31 582
31 222
31 304
31 681
31 677
31 459
31 59
36 690
36 572
36 361
36 691
36 692
36 693
36 187
36 658
36 475
36 208
36 694
36 695
42 220
42 17
42 298
42 371
42 715
42 9
42 451
42 105
42 16
42 420
42 454
42 384
42 725
42 6
42 523
42 67
42 657
42 726
42 125
42 727
42 662
42 728
42 729
42 378
42 206
42 78
42 351
42 636
42 474
42 364
42 730
42 112
42 731
42 406
42 217
42 123
42 117
42 149
42 84
42 623
42 437
42 732
42 499
42 27
42 65
42 100
42 584
42 560
42 32
42 85
42 99
42 311
42 385
42 641
42 407
42 733
42 543
42 261
42 107
42 77
42 129
42 104
42 611
42 50
42 457
42 734
42 299
42 81
42 250
42 118
42 134
42 519
42 223
42 115
42 735
42 736
42 544
42 613
42 147
42 418
42 39
42 2
42 341
42 181
42 291
42 394
42 281
42 138
42 144
42 43
42 5
42 737
42 133
42 256
42 86
42 207
42 738
42 20
42 193
42 58
42 301
42 739
42 724
42 116
42 53
42 13
42 740
42 741
42 742
42 171
42 266
42 522
42 743
42 141
42 528
45 68
45 55
45 543
45 64
45 6
45 174
45 81
45 130
45 181
45 753
45 50
45 23
45 532
45 702
45 568
45 539
45 58
45 83
45 54
45 171
45 162
45 641
45 180
45 728
45 53
45 754
45 652
46 516
46 475
46 167
46 192
46 195
46 515
46 183
51 116
51 5
51 311
51 519
51 144
51 134
51 125
51 266
51 52
51 85
51 58
51 53
52 77
52 763
52 764
52 572
52 257
52 662
52 473
52 333
52 632
52 310
52 81
52 728
52 299
52 49
52 184
52 641
52 253
52 341
52 41
52 6
52 656
52 78
52 371
52 181
52 83
52 20
52 593
52 162
52 80
52 765
52 624
52 182
52 121
52 303
52 246
52 569
52 495
52 193
52 68
52 22
52 597
52 130
52 185
52 766
52 475
52 171
52 170
52 72
52 74
54 641
54 612
54 6
54 181
54 751
54 54
54 177
54 769
54 743
54 253
54 543
54 74
54 68
54 341
54 656
54 601
54 662
60 299
60 12
60 228
60 137
60 126
60 757
60 255
60 112
60 491
60 3
60 813
60 65
60 486
60 416
60 309
60 511
60 140
60 85
60 27
60 315
60 579
60 150
60 20
60 84
60 300
60 814
60 293
60 257
60 815
60 330
60 405
60 96
60 99
60 302
60 520
60 306
60 10
60 278
60 372
60 289
60 9
60 461
60 324
60 25
60 109
60 149
60 275
60 718
60 256
60 116
60 248
60 383
60 251
60 107
60 354
60 51
60 446
60 83
60 319
60 39
60 440
60 295
60 5
60 294
60 380
60 100
60 14
60 472
60 816
60 104
60 287
60 57
60 238
60 817
60 506
60 379
60 818
60 316
60 53
60 6
60 52
60 105
60 223
60 382
60 125
60 288
60 13
60 206
60 280
60 522
60 226
60 334
60 134
60 224
60 662
60 819
60 108
60 428
60 77
60 499
60 118
60 276
60 1
60 19
60 70
60 259
60 305
60 123
60 46
60 339
60 740
60 806
60 16
60 264
60 480
60 195
60 802
60 353
60 111
60 443
60 387
60 413
60 184
60 58
60 578
60 217
60 464
60 420
60 129
60 286
60 236
60 355
60 86
60 454
60 74
60 78
60 385
60 132
60 350
60 266
60 510
60 233
60 318
60 742
60 183
60 267
60 820
60 479
60 409
60 581
60 261
60 47
60 367
60 17
60 263
60 157
60 34
60 463
60 8
60 247
60 268
60 181
60 430
60 311
60 98
60 21
60 384
60 220
60 304
60 417
60 272
60 115
60 81
60 402
60 43
66 455
66 121
66 53
66 48
66 341
66 584
66 641
66 208
66 767
66 495
66 64
66 28
66 511
66 58
66 207
66 181
66 664
66 830
66 132
66 188
69 161
69 101
69 13
69 123
69 121
69 14
69 671
69 834
69 132
69 67
69 835
69 20
69 91
69 130
69 196
69 511
69 71
69 829
69 106
69 565
69 40
69 53
69 30
69 9
69 58
69 111
69 74
69 455
69 460
69 56
69 100
69 51
69 185
69 76
69 656
69 208
69 85
69 65
76 331
76 582
76 319
76 267
76 300
76 85
76 49
76 247
76 630
76 56
76 571
84 6
84 708
84 572
84 123
84 264
84 287
84 460
84 111
84 447
84 20
84 256
84 181
84 5
84 74
84 643
84 112
84 689
84 223
84 99
84 476
84 9
84 81
84 162
84 298
84 174
84 702
84 611
84 855
84 77
84 188
84 656
84 121
84 141
84 500
84 177
84 183
84 271
84 273
84 553
84 193
84 171
84 65
84 233
84 130
84 593
84 244
84 528
85 617
85 491
85 378
85 76
85 552
85 822
85 100
85 101
85 321
85 121
85 464
85 281
85 40
85 58
85 675
85 85
85 787
85 39
85 53
106 329
106 428
106 749
106 372
106 466
106 258
106 420
106 183
106 368
106 366
106 75
106 5
106 104
106 603
106 313
106 50
106 102
106 41
106 99
106 32
106 454
106 486
106 125
106 123
106 217
106 107
106 926
106 68
106 290
106 24
106 84
106 72
106 407
106 137
106 193
106 108
114 21
114 97
114 105
114 27
114 311
114 286
114 130
114 416
114 47
114 61
114 96
114 381
114 51
114 272
114 206
114 354
114 309
114 9
114 43
114 285
114 85
114 156
115 920
115 313
115 64
115 331
115 115
115 100
115 211
115 568
115 292
115 307
115 85
115 271
115 275
115 617
115 159
115 238
115 117
115 253
115 47
115 123
115 42
115 761
115 53
115 759
115 753
115 132
115 344
115 58
115 140
115 74
115 27
115 400
115 206
115 110
115 14
115 177
115 87
115 34
115 13
115 549
115 83
115 601
115 76
115 63
115 430
115 261
115 96
115 449
115 936
115 171
115 67
115 937
115 65
115 16
115 59
115 185
115 600
115 130
115 465
115 656
115 440
115 511
117 13
117 96
117 661
117 70
117 696
117 123
117 716
117 9
117 937
117 600
117 14
117 105
117 38
117 669
117 68
117 416
117 110
117 85
117 566
117 664
117 52
117 134
117 125
117 220
117 61
117 17
117 111
117 211
117 116
117 423
129 190
129 97
129 183
129 185
129 158
129 844
129 866
136 47
136 174
136 455
136 656
136 24
136 14
136 549
136 561
136 829
136 102
136 80
136 130
136 259
136 183
136 328
136 63
136 193
136 78
136 181
136 473
136 184
136 165
136 173
136 253
136 500
136 255
136 76
136 132
136 64
136 81
136 97
136 121
137 52
137 976
137 188
137 413
137 181
137 73
137 105
137 195
137 695
137 58
137 112
137 85
137 27
137 15
137 548
137 48
137 81
137 31
137 656
137 54
137 338
137 696
137 6
137 53
137 13
137 645
137 326
137 125
137 223
137 662
137 47
137 572
137 743
137 715
137 543
137 451
137 17
137 65
145 85
145 31
145 13
145 420
145 106
145 105
145 60
145 123
145 157
145 47
145 288
145 564
145 8
145 199
145 501
145 682
145 5
145 17
149 97
149 538
149 596
149 183
149 185
149 204
149 101
149 203
149 165
149 588
149 167
152 116
152 368
152 536
152 747
152 78
152 137
152 486
152 701
152 122
152 88
152 41
152 272
152 90
152 100
152 284
152 457
152 725
152 301
152 420
152 342
152 544
152 39
152 576
152 408
152 394
152 1003
152 422
152 262
152 98
152 303
152 313
152 134
152 953
152 523
152 591
152 220
152 729
152 110
152 874
152 406
152 321
152 709
153 5
153 14
153 111
153 121
153 206
153 56
153 65
153 406
159 64
159 868
159 187
159 241
159 696
178 28
178 406
178 514
178 728
178 449
178 224
178 223
178 57
178 157
178 740
178 100
178 643
178 179
178 418
178 6
178 263
178 871
178 408
178 299
178 208
178 401
178 414
178 1018
178 184
178 92
178 147
178 709
178 233
178 611
178 140
178 282
178 41
178 519
178 47
178 426
178 364
178 78
178 27
178 857
178 407
178 105
178 313
178 54
178 252
178 210
178 656
178 9
178 1019
178 42
178 591
178 288
178 53
178 73
178 17
178 107
178 84
178 305
178 81
178 344
178 115
178 290
178 249
178 301
178 143
178 465
178 32
178 121
178 696
178 127
178 71
178 741
178 2
178 188
178 646
178 96
178 1020
178 298
178 193
178 181
178 548
178 716
178 117
178 451
178 786
178 77
178 528
178 60
178 64
178 368
178 573
178 520
178 584
178 111
178 971
178 211
178 664
178 220
178 14
178 335
178 222
178 523
178 58
178 462
178 26
178 531
178 219
178 129
178 76
178 386
178 52
178 638
178 979
178 104
178 74
178 522
178 90
178 268
178 5
178 85
178 226
178 65
178 70
178 50
178 882
178 810
178 240
178 175
178 558
178 138
178 272
178 572
178 189
178 112
178 447
178 122
178 729
178 191
178 275
178 454
178 600
178 99
178 39
178 385
178 284
178 123
178 173
178 652
178 341
178 371
178 130
178 310
178 773
178 420
178 144
178 13
178 97
178 102
178 134
178 543
178 800
178 162
185 34
185 632
185 107
185 7
185 493
185 57
185 97
185 64
185 264
185 181
185 32
185 446
185 51
185 193
185 84
185 128
185 182
185 102
185 168
185 259
185 369
185 184
185 516
185 53
185 813
185 174
185 162
185 300
185 220
185 132
185 68
185 473
185 196
185 183
185 140
185 728
185 3
185 58
185 466
185 121
185 278
185 185
192 1032
192 842
192 64
192 166
192 203
192 1033
192 185
192 54
192 827
192 121
192 180
192 58
192 23
192 68
192 780
192 259
192 74
192 130
192 460
192 132
192 632
196 350
196 526
196 401
196 701
196 176
196 60
196 419
196 162
196 68
196 183
196 474
196 313
196 225
196 906
196 23
196 218
196 182
196 666
196 743
196 222
196 681
196 728
208 107
208 419
208 51
208 2
208 149
208 300
208 574
208 228
208 217
208 225
208 506
208 256
208 226
208 394
208 126
208 10
208 368
208 99
208 591
208 187
208 457
208 138
208 350
209 69
209 244
209 158
209 196
209 58
209 827
209 534
209 50
209 182
209 53
209 143
209 64
209 780
209 763
209 175
216 13
216 123
216 183
216 455
216 78
216 1059
216 1060
216 152
216 1011
216 220
216 9
216 5
216 185
216 511
216 920
218 110
218 177
218 430
218 123
218 144
218 759
218 27
218 73
218 96
218 271
218 384
218 34
218 333
218 9
220 455
220 165
220 176
220 208
220 166
220 183
220 683
220 101
220 540
220 188
220 538
220 207
220 460
220 97
220 203
222 1065
222 732
222 224
222 56
222 452
222 1066
222 206
222 876
222 64
222 210
222 469
222 765
222 527
222 16
222 44
222 314
222 371
222 146
222 344
222 451
238 162
238 188
238 6
238 604
238 455
238 341
238 183
238 679
238 662
238 54
250 450
250 319
250 703
250 50
250 1059
250 210
250 475
250 167
250 203
250 416
250 160
250 639
250 524
255 16
255 121
255 210
255 48
255 237
255 664
255 698
255 662
255 208
255 9
255 100
255 1056
255 683
255 751
255 1087
255 323
255 14
255 1088
255 1089
255 696
255 212
255 646
256 399
256 729
256 64
256 128
256 564
256 548
256 262
256 68
256 546
256 623
256 955
256 941
256 474
256 1013
256 584
256 231
256 617
256 736
256 749
256 503
256 987
256 105
256 1090
256 715
256 368
256 849
256 39
256 123
256 223
256 576
256 852
256 53
256 611
256 741
256 796
256 132
256 335
256 122
256 530
256 325
256 74
256 400
256 407
256 641
256 86
256 731
256 418
256 1032
256 966
256 394
256 763
256 345
256 451
256 594
256 1091
256 181
256 569
256 605
256 638
256 6
256 572
256 1056
256 9
256 619
256 47
256 854
256 702
256 50
256 100
256 998
256 543
256 771
256 406
256 812
256 388
256 447
256 62
256 727
256 65
256 454
256 16
256 593
256 495
256 149
256 125
256 81
256 41
256 735
256 725
256 240
256 13
256 656
256 542
256 20
256 591
256 208
256 138
256 144
256 662
256 972
256 751
256 744
256 333
256 730
256 734
256 644
256 968
256 321
256 679
256 776
256 640
256 840
256 645
256 626
256 600
256 56
256 117
256 1027
256 341
256 180
256 839
256 869
256 413
256 772
256 560
256 124
256 708
256 528
256 845
256 894
256 1092
256 712
256 58
256 526
256 5
256 17
256 112
256 111
256 476
256 211
256 382
256 1093
256 107
256 298
256 1094
256 130
256 660
256 921
256 696
256 129
257 63
257 174
257 538
257 20
257 58
257 130
257 761
257 612
257 842
257 53
257 182
257 762
257 827
257 609
276 406
276 129
276 311
276 859
276 93
276 508
276 682
276 28
279 35
279 573
279 199
279 150
279 986
279 860
281 515
281 679
281 1133
281 894
281 208
281 189
281 187
281 516
281 210
281 188
281 572
292 259
292 13
292 211
292 316
292 349
292 132
292 105
292 128
292 174
292 362
292 27
292 332
292 116
292 96
292 270
292 130
292 255
292 1002
292 84
292 860
292 333
292 288
292 76
292 20
292 387
292 597
292 261
292 335
292 253
292 275
292 268
292 556
292 762
292 430
292 134
292 162
292 65
292 519
292 14
292 220
292 182
292 100
292 79
292 99
292 52
292 198
292 354
292 70
292 111
292 102
292 244
292 64
292 464
292 43
292 37
292 222
292 241
292 147
292 829
292 256
292 286
292 61
292 887
292 455
292 157
292 251
292 9
292 264
292 248
292 647
292 50
292 759
292 57
292 269
292 67
292 305
292 17
292 392
292 741
292 5
292 28
292 58
292 51
292 656
292 142
292 273
292 91
292 384
292 136
292 53
292 171
292 281
292 566
292 115
292 92
292 144
292 75
292 272
292 480
301 9
301 867
301 229
301 14
301 65
301 491
301 110
301 256
301 372
301 2
301 1036
301 13
301 311
301 85
301 26
301 709
301 147
301 700
301 1132
301 211
301 77
301 284
301 71
301 129
301 560
301 272
301 275
301 414
301 42
301 767
301 70
301 378
301 56
301 313
301 107
301 74
301 490
301 299
301 304
301 385
301 485
301 138
301 131
301 736
301 876
301 149
301 17
301 50
301 134
301 715
301 718
301 530
301 364
301 475
301 206
301 97
301 188
301 458
301 78
301 99
301 769
301 112
301 57
301 1056
301 96
301 238
301 41
301 1083
301 669
301 887
301 309
301 106
301 740
301 181
301 704
301 371
301 523
301 52
301 119
301 303
301 662
301 61
301 601
301 111
301 144
301 231
301 543
301 388
301 53
301 116
301 369
301 302
301 105
301 64
301 32
301 3
301 84
301 774
301 98
301 323
301 770
301 55
301 406
301 51
301 235
301 716
301 6
301 117
301 122
301 145
301 1152
301 365
301 5
301 478
301 789
301 91
301 664
301 567
301 125
301 641
301 368
301 203
301 123
301 31
301 427
301 321
301 809
301 10
301 44
301 413
301 841
301 210
301 301
301 344
301 461
301 58
301 919
301 646
301 400
301 773
301 193
301 644
301 260
301 180
301 387
301 207
301 29
301 712
301 353
301 240
301 171
301 611
301 420
301 656
301 81
301 241
301 426
301 492
301 121
301 335
301 208
301 742
301 216
301 130
347 41
347 291
347 65
347 86
347 52
347 70
347 631
347 226
347 220
347 101
347 420
347 488
347 208
347 188
347 192
347 548
347 584
347 133
347 921
347 117
347 112
347 503
347 54
347 129
347 40
347 56
347 116
347 769
347 74
347 406
347 17
347 455
347 73
347 385
347 14
347 418
347 223
347 284
347 253
347 809
347 64
347 1058
347 9
347 102
347 177
347 85
347 240
347 44
347 388
347 543
347 50
347 42
347 90
347 104
347 230
347 601
347 335
347 474
347 404
347 656
347 351
347 485
347 216
347 447
347 664
347 475
347 58
347 84
347 860
347 669
347 121
347 53
347 513
347 341
347 368
347 401
347 25
347 476
347 345
347 452
347 2
347 144
347 529
347 662
347 1011
347 59
347 641
347 119
347 325
347 490
347 1093
347 61
347 105
347 175
347 738
347 78
347 87
347 13
347 319
347 437
347 171
347 125
347 77
347 251
347 48
347 465
347 211
347 400
347 751
347 10
347 413
347 181
347 721
347 743
347 478
347 206
347 299
350 13
350 50
350 115
350 292
350 203
350 333
350 212
350 374
350 96
350 349
350 183
350 491
350 92
350 78
350 98
350 85
350 16
350 125
350 266
350 58
350 261
350 259
350 306
350 416
350 105
350 134
350 70
350 226
350 47
350 116
350 430
350 34
350 272
350 278
350 9
350 53
350 42
350 299
350 384
350 37
350 64
350 860
350 387
351 1139
351 167
351 1097
351 508
351 524
351 573
351 195
351 644
351 498
351 1094
351 686
374 322
374 843
374 529
374 554
374 968
374 431
374 474
374 111
374 377
374 91
374 1027
374 43
374 39
374 335
374 345
374 365
374 96
374 744
374 382
374 1151
374 77
374 104
374 1091
374 552
374 51
374 118
374 539
374 741
374 801
374 339
374 854
374 33
374 566
374 454
374 86
374 329
374 238
374 17
374 127
374 413
374 423
379 556
379 98
379 133
379 90
379 264
379 392
379 299
379 5
379 76
379 520
379 50
379 263
379 206
379 518
379 469
379 125
379 320
379 704
379 226
379 506
379 111
379 557
385 152
385 309
385 61
385 639
385 598
385 245
385 362
385 79
385 501
385 297
385 556
385 1076
394 701
394 13
394 86
394 783
394 115
394 935
394 220
394 424
394 345
394 772
394 58
394 112
394 854
394 167
394 227
394 1026
394 733
394 31
394 54
394 743
394 44
394 1040
394 134
394 413
394 96
394 27
394 219
394 792
394 378
397 675
397 14
397 208
397 450
397 87
397 156
397 130
397 183
397 309
399 607
399 924
399 32
399 641
399 371
399 643
399 704
399 7
399 172
399 937
399 253
399 1005
399 496
399 375
399 9
399 93
399 193
399 827
399 325
399 368
399 1161
399 561
399 38
399 523
399 407
399 350
399 166
399 10
399 900
399 807
399 363
399 1082
399 359
399 408
399 751
399 144
399 460
399 951
399 235
399 120
399 485
399 81
399 966
399 139
399 127
399 1022
399 185
399 241
399 15
399 461
399 539
399 192
399 50
399 735
399 211
399 56
406 398
406 449
406 105
406 325
406 615
406 423
406 27
406 330
406 329
406 937
406 98
406 661
406 144
406 887
406 331
406 278
406 72
406 51
406 276
406 392
406 998
409 36
409 58
409 102
409 354
409 866
409 57
409 153
409 296
409 108
409 38
409 881
409 757
409 477
409 75
409 278
409 261
409 454
409 131
409 53
409 144
409 639
409 70
409 98
409 491
409 303
409 387
409 174
409 306
409 368
409 483
409 137
409 43
409 309
409 132
409 123
409 12
409 125
409 222
409 272
409 72
409 268
409 249
409 409
409 46
409 300
409 311
409 556
409 193
409 47
409 21
409 218
409 1177
409 224
409 95
409 78
409 299
409 13
409 9
409 85
409 258
409 173
409 147
409 806
409 330
409 336
409 286
409 880
409 183
409 256
409 479
409 759
409 182
409 289
409 10
409 157
409 59
409 316
409 472
409 105
409 1076
409 416
409 334
409 34
409 887
409 228
409 257
409 184
409 504
409 1207
409 1029
409 328
409 264
409 165
409 292
409 107
409 225
409 24
409 294
409 130
409 206
409 109
409 784
409 1208
409 813
409 251
409 253
409 603
409 66
409 217
409 473
409 156
409 64
409 89
409 384
409 8
409 1002
409 275
409 65
409 419
409 287
409 271
409 266
409 650
409 140
417 701
417 982
417 910
417 1108
417 928
417 874
417 618
417 391
417 217
417 678
417 314
429 5
429 128
429 275
429 716
429 522
429 483
429 344
429 368
429 478
429 193
429 860
429 299
429 51
429 953
429 1219
429 500
429 220
429 469
429 177
429 52
429 269
429 137
429 646
429 265
429 284
429 64
429 126
429 222
429 159
429 92
429 459
429 14
429 8
429 237
429 95
429 47
429 895
429 388
429 464
429 81
429 503
429 105
429 537
429 408
429 217
429 76
429 46
429 75
429 107
429 121
429 63
429 26
429 423
429 49
429 568
429 310
429 16
429 123
429 3
429 480
429 102
429 225
429 73
429 70
429 20
429 294
429 789
429 519
429 664
429 90
429 60
429 351
429 10
429 488
429 91
429 28
429 560
429 386
429 147
429 511
429 111
429 157
429 325
429 656
429 626
429 174
429 420
429 184
429 765
429 501
429 27
429 253
429 268
429 41
429 728
429 455
429 17
429 7
429 392
429 641
429 71
429 117
429 34
429 303
429 82
429 125
429 2
429 53
429 114
429 311
429 400
429 48
429 314
429 230
429 65
429 281
429 140
429 773
429 233
429 430
429 79
429 366
429 289
429 226
429 617
429 58
429 37
429 384
429 278
429 72
429 331
429 203
429 454
429 13
429 85
429 228
429 243
429 170
429 272
429 144
429 25
429 485
429 906
429 791
429 813
429 54
429 32
429 292
429 100
429 288
429 68
429 250
429 276
429 78
429 130
429 566
429 287
429 786
429 238
429 1004
429 841
429 266
429 106
429 134
429 257
429 175
429 251
429 206
429 9
429 295
429 521
429 414
429 609
429 87
429 211
429 264
429 307
429 419
429 623
429 99
429 61
429 56
429 261
429 154
429 112
429 57
437 75
437 479
437 401
437 134
437 128
437 794
437 501
437 58
437 258
437 724
437 908
437 569
437 333
437 278
437 661
437 1136
437 416
437 666
437 414
437 499
437 20
437 837
437 364
437 630
437 184
437 225
437 483
437 249
437 915
437 704
437 546
437 222
437 81
437 663
437 2
437 540
437 307
439 24
439 158
439 54
439 662
439 49
439 804
439 188
439 181
439 751
439 182
439 40
439 74
439 528
439 1078
439 174
439 547
439 101
442 56
442 9
442 665
442 154
442 343
442 529
442 70
442 106
442 1011
442 469
442 388
442 61
442 600
442 123
442 778
442 193
442 87
442 14
442 216
442 177
442 1063
442 174
442 10
442 654
442 208
442 13
442 74
442 52
442 211
442 100
442 157
442 5
442 96
442 131
442 105
442 115
442 284
442 91
442 224
442 101
442 47
442 1051
442 53
442 485
442 85
442 331
442 17
443 210
443 121
443 195
443 183
443 203
443 123
443 682
443 1068
443 167
443 207
443 475
443 572
450 836
450 130
450 1224
450 107
450 137
450 52
450 307
450 1001
450 416
450 854
450 354
450 407
450 311
450 626
450 111
450 27
450 99
450 1179
450 5
450 615
450 265
450 1192
450 368
450 523
450 619
450 278
450 741
450 33
450 479
450 290
450 453
450 850
450 150
450 189
450 491
450 617
450 217
450 549
450 1148
450 78
450 767
450 329
450 914
450 256
450 451
450 641
450 254
450 47
450 60
450 576
450 96
450 233
450 13
450 734
450 428
450 160
450 74
450 462
450 123
450 938
450 270
450 166
450 737
450 802
450 813
450 1010
450 243
450 1002
450 704
450 482
450 394
450 499
450 489
450 561
450 332
450 300
450 725
450 321
450 437
450 121
450 302
450 558
450 263
450 14
450 144
450 92
450 370
450 364
450 64
450 318
450 207
450 250
450 126
450 547
450 422
450 419
450 116
450 1219
450 548
450 309
450 286
450 327
450 223
450 171
450 184
450 105
450 222
450 57
450 206
450 859
450 1030
450 127
450 79
450 345
450 339
450 203
450 276
450 167
450 474
450 138
450 59
450 266
450 410
450 295
450 315
450 423
450 522
450 817
450 497
450 185
450 228
450 1225
450 490
450 594
450 498
450 353
450 18
450 602
450 627
450 625
450 414
450 1226
450 9
450 634
450 16
450 622
450 136
450 856
450 56
450 25
450 519
450 42
450 341
450 133
450 308
450 747
450 303
450 298
450 378
450 418
450 350
450 728
450 631
450 1042
450 964
450 65
450 987
450 724
450 1145
450 235
450 51
450 230
450 122
450 472
450 1227
450 564
450 261
450 464
450 359
450 252
450 2
450 299
450 260
450 715
450 390
450 546
450 624
450 584
450 163
450 990
450 605
450 238
450 335
450 623
450 334
450 392
450 536
450 344
450 480
450 385
450 149
450 656
450 401
450 97
450 251
450 542
450 1043
450 406
450 84
450 141
450 70
450 515
450 148
450 441
450 461
450 269
450 134
450 39
450 800
450 118
450 380
450 816
450 294
450 264
450 925
450 32
450 98
450 389
450 336
450 188
450 275
450 226
450 572
450 900
450 871
450 193
450 667
450 291
450 361
450 574
450 360
450 58
450 129
450 518
450 53
450 37
450 726
450 152
450 85
450 445
450 1228
450 611
450 110
450 789
450 910
450 293
450 248
450 371
450 696
450 258
450 306
450 465
450 614
450 1044
450 1129
450 894
450 162
450 183
450 638
450 851
450 374
450 486
450 384
450 109
450 211
450 220
450 729
450 274
450 20
450 108
450 420
450 662
450 773
450 342
450 733
450 600
450 41
450 1156
450 115
450 296
450 1032
450 348
450 140
450 366
450 430
454 1057
454 141
454 261
454 187
454 117
454 121
454 54
454 51
454 130
454 523
454 414
454 65
454 58
454 649
454 299
454 385
454 98
454 31
454 125
454 368
454 311
454 193
454 309
454 147
454 384
454 316
454 281
454 160
454 282
454 179
454 420
454 181
454 689
454 676
454 264
454 188
454 329
454 41
454 175
454 220
454 78
454 76
454 168
454 67
454 278
454 185
454 303
454 5
454 572
456 1011
456 574
456 42
456 479
456 41
456 633
456 319
456 148
456 238
456 261
456 461
456 44
456 344
456 257
456 1127
456 677
456 372
456 87
456 268
456 946
456 139
456 58
456 761
456 420
456 945
456 782
456 70
456 256
456 109
456 107
456 331
456 597
456 12
456 60
456 1058
456 13
456 95
456 294
456 106
456 334
456 284
456 1231
456 83
456 230
456 16
456 511
456 416
456 809
456 630
456 1078
456 77
456 384
456 315
456 85
456 598
456 253
456 32
456 217
456 664
456 43
456 762
456 368
456 363
456 299
456 309
456 206
456 34
456 281
456 325
456 251
456 1061
456 530
456 276
456 10
456 428
456 51
456 764
456 159
456 413
456 418
456 64
456 671
456 879
456 283
456 1171
456 834
456 126
456 224
456 813
456 823
456 753
456 293
456 512
456 561
456 788
456 278
456 460
456 91
456 14
456 110
456 937
456 108
456 38
456 24
456 272
456 212
456 824
457 56
457 1147
457 343
457 238
457 59
457 479
457 818
457 252
457 303
457 423
457 147
457 223
457 61
457 182
457 795
457 66
457 65
457 386
457 363
457 181
457 900
457 123
457 400
457 115
457 309
457 341
457 67
457 936
457 392
457 486
457 237
457 851
457 235
457 782
457 641
457 543
457 64
457 477
457 646
457 139
457 138
457 118
457 171
457 121
457 669
457 735
457 7
457 90
457 809
457 378
457 225
457 151
457 287
457 5
457 17
457 773
457 8
457 81
457 70
457 461
457 728
457 388
457 414
457 272
457 85
457 447
457 52
457 129
457 523
457 408
457 116
457 124
457 718
457 13
457 100
457 295
457 10
457 14
457 206
457 518
457 310
457 130
457 313
457 111
457 82
457 492
457 462
457 254
457 742
457 307
457 134
457 772
457 366
457 622
457 47
457 485
457 561
457 401
457 63
457 591
457 745
457 72
457 157
457 406
457 41
457 945
457 58
457 102
457 108
457 211
457 376
457 53
457 519
457 51
457 104
457 394
457 189
457 319
457 816
457 860
457 656
457 144
457 233
457 105
457 748
457 558
457 662
457 560
457 36
457 422
457 323
457 482
457 37
457 371
457 284
457 569
457 548
457 96
457 16
457 251
457 810
457 24
457 133
457 431
457 643
457 107
457 520
457 132
457 74
457 1091
457 39
457 117
457 1055
457 385
457 193
457 38
457 554
457 474
457 137
457 428
457 483
457 93
457 368
457 99
457 92
457 208
457 78
457 28
457 27
457 122
457 32
457 20
457 318
457 600
457 407
457 800
457 250
457 457
457 6
457 112
457 293
457 634
457 751
457 84
457 632
457 68
457 416
457 131
457 43
457 125
457 21
457 174
457 264
457 426
457 702
457 418
457 372
457 420
457 220
457 3
457 136
457 1
457 126
457 642
457 2
457 98
457 184
457 50
457 224
457 149
457 913
457 404
457 60
457 86
457 321
457 9
460 195
460 151
460 183
460 460
460 45
460 185
460 178
460 799
460 24
460 507
460 612
460 175
460 152
460 177
460 28
460 64
460 361
460 174
460 158
460 259
460 829
460 182
460 35
460 167
460 920
460 130
460 63
460 76
460 498
460 765
460 80
460 176
465 2
465 7
465 58
465 553
465 260
465 371
465 37
465 5
465 556
465 183
465 123
465 72
465 193
465 99
465 8
465 21
465 384
465 141
465 54
465 249
465 275
465 121
465 464
465 266
465 136
465 50
465 523
465 14
465 74
465 313
465 116
465 206
465 9
465 728
465 184
465 267
465 64
465 244
476 787
476 558
476 78
476 120
476 955
476 729
476 1236
476 807
476 192
476 110
476 106
476 21
476 99
476 157
476 469
476 217
476 208
476 10
476 867
476 107
476 682
476 2
476 70
476 317
476 401
476 701
476 625
476 133
476 149
476 134
476 188
476 400
476 126
476 14
476 740
476 350
476 476
476 101
476 700
476 228
476 458
476 224
476 125
484 246
484 871
484 121
484 50
484 175
484 924
484 58
484 81
484 20
484 54
484 662
484 162
484 53
484 112
484 74
484 84
484 298
484 656
484 341
484 716
484 6
484 418
487 14
487 584
487 696
487 485
487 309
487 119
487 175
487 810
487 6
487 291
487 656
487 85
487 773
487 181
487 469
487 123
487 266
487 111
487 66
487 141
487 325
487 39
487 420
487 385
487 99
487 207
487 77
487 32
487 2
487 400
487 208
487 105
487 44
487 455
487 542
487 27
487 364
487 394
487 65
487 572
487 29
487 728
487 148
487 53
487 13
487 188
487 454
487 634
487 98
487 89
487 677
487 84
487 331
487 177
487 72
487 368
487 133
487 17
487 641
487 414
487 107
487 351
487 561
487 50
487 716
487 220
487 318
487 117
487 407
487 447
487 73
487 54
487 171
487 121
487 501
487 96
487 58
487 52
487 130
487 721
487 418
487 474
487 160
487 147
487 371
487 138
487 373
487 507
487 91
487 112
487 600
487 527
487 61
487 747
487 5
487 496
487 223
487 241
487 9
487 406
487 298
487 166
487 78
487 41
487 662
487 125
487 140
487 566
487 211
487 134
498 72
498 59
498 64
498 42
498 309
498 51
498 781
498 159
498 123
498 259
498 501
498 597
498 56
498 297
498 528
498 34
498 9
498 600
498 829
498 58
498 108
498 109
498 255
498 440
498 20
498 268
498 144
498 384
498 10
498 1
498 622
498 300
498 27
498 61
498 363
498 47
498 355
498 175
498 822
498 21
498 70
498 598
498 477
498 332
498 16
498 419
498 278
498 43
498 247
498 100
498 416
498 37
498 24
498 5
498 97
498 228
498 60
498 251
498 723
499 498
499 188
499 545
499 516
499 69
499 166
499 74
499 192
501 361
501 212
501 20
501 64
501 1194
501 455
501 647
501 171
501 53
501 181
501 154
501 656
501 175
501 253
501 511
501 54
501 208
501 76
501 284
501 74
501 920
501 762
501 598
501 659
501 495
501 199
501 738
501 528
501 413
501 83
501 662
501 753
501 765
501 6
501 743
501 1060
501 130
501 703
501 23
501 112
501 465
501 174
501 513
501 177
501 49
501 779
501 600
501 28
501 91
509 58
509 208
509 121
509 384
509 185
509 649
509 53
509 210
509 464
519 722
519 962
519 1088
519 1069
519 195
519 595
519 995
519 1252
519 541
519 1218
519 208
519 755
519 1221
519 338
519 167
519 898
519 326
519 203
519 502
519 883
519 1253
519 1242
519 689
519 551
519 672
519 101
519 1217
519 194
519 545
525 50
525 188
525 6
525 181
525 515
525 451
525 174
525 68
525 162
525 373
525 81
525 20
525 208
525 568
525 1020
525 662
525 54
525 97
525 130
525 171
525 53
525 28
525 507
529 191
529 1096
529 644
529 163
529 1012
529 196
529 1142
529 207
529 649
529 565
529 540
529 210
529 187
529 160
529 683
529 192
529 208
529 183
529 121
529 894
529 509
529 843
529 195
529 515
529 166
529 361
529 197
529 188
529 101
529 475
529 648
533 58
533 728
533 130
533 151
533 51
533 353
533 54
533 341
533 372
533 163
533 591
533 5
533 455
536 13
536 298
536 741
536 523
536 129
536 78
536 111
536 384
536 420
536 58
536 98
536 366
536 275
536 386
536 25
536 100
536 638
536 118
536 245
536 86
536 394
536 223
536 485
536 105
536 733
536 914
536 193
536 519
536 116
536 552
536 385
536 574
536 43
536 860
536 311
536 136
536 85
536 496
536 301
536 9
536 117
536 219
536 222
536 258
536 309
536 125
536 925
536 37
536 489
536 493
536 251
536 17
536 407
536 266
536 507
536 257
536 278
536 289
536 244
536 6
536 499
536 70
536 273
536 11
536 360
536 351
536 423
536 378
536 396
536 1057
536 220
536 52
536 306
536 406
536 544
536 749
536 65
536 313
536 115
536 332
536 704
536 262
536 643
536 318
536 299
536 742
536 72
536 112
536 327
536 471
536 252
536 84
536 184
536 272
536 50
536 380
536 77
536 353
536 656
536 740
536 41
536 288
536 149
536 53
536 230
536 1002
536 445
536 344
536 782
540 74
540 130
540 58
540 55
540 641
540 187
540 373
540 804
540 207
540 703
540 31
540 121
540 904
540 162
540 511
540 235
540 112
540 175
540 253
540 151
540 132
540 696
540 203
540 53
540 475
540 54
540 298
540 183
540 83
540 97
540 515
540 160
540 656
540 716
540 341
540 765
540 682
540 568
540 795
540 68
540 259
540 174
549 611
549 58
549 208
549 259
549 130
549 64
549 543
549 181
549 53
549 50
549 6
549 572
549 121
549 662
550 662
550 644
550 652
550 188
550 679
550 187
550 418
550 58
550 572
550 208
550 6
550 192
550 1259
550 1133
550 924
550 53
550 167
550 112
550 210
550 81
550 48
550 683
550 121
550 184
550 54
556 195
556 311
556 59
556 95
556 282
556 261
556 67
556 116
556 295
556 5
556 208
556 793
556 384
556 123
556 267
556 260
556 42
556 8
556 64
556 289
556 140
556 491
556 193
556 85
556 203
556 157
556 101
556 212
556 183
556 299
556 185
556 98
556 256
556 286
556 196
557 46
557 313
557 682
557 210
557 1089
557 169
557 434
557 251
557 17
557 58
557 188
557 146
557 123
557 455
557 287
557 956
557 101
557 723
557 51
557 648
557 75
557 361
557 866
566 87
566 313
566 885
566 519
566 278
566 47
566 158
566 414
566 74
566 104
566 900
566 32
566 117
566 79
566 656
566 489
566 937
566 297
566 464
566 527
566 261
566 90
566 590
566 9
566 662
566 258
566 461
566 283
566 64
566 272
566 718
566 287
566 59
566 809
566 798
566 123
566 25
566 39
566 2
566 275
566 428
566 144
566 193
566 56
566 130
566 664
566 233
566 75
566 454
566 177
566 95
566 72
566 499
566 626
566 741
566 238
566 256
566 420
566 125
566 392
566 61
566 128
566 8
566 793
566 743
566 98
566 318
566 151
566 311
566 478
566 5
566 43
566 14
566 70
566 511
566 63
566 266
566 372
566 34
566 46
566 274
566 111
566 307
567 677
567 343
567 286
567 409
567 383
567 185
567 74
567 858
567 893
567 152
567 278
567 272
567 472
567 247
567 597
567 455
567 177
567 311
567 459
567 249
567 367
567 96
567 342
567 276
567 308
567 381
567 443
567 61
567 98
567 317
567 12
567 101
567 491
567 70
567 169
567 157
567 268
567 175
567 384
567 228
567 355
567 582
567 289
567 253
567 59
567 250
567 354
567 76
567 132
567 362
567 887
567 21
567 325
567 261
567 3
567 27
567 16
567 144
567 549
567 262
567 87
567 134
567 681
567 8
567 123
567 782
567 159
567 309
567 34
567 757
567 328
567 416
567 146
567 266
567 40
567 386
567 260
567 210
567 47
567 257
567 42
567 102
567 300
567 248
567 626
567 333
567 140
567 64
567 334
567 28
567 315
567 17
567 224
567 236
567 370
567 57
567 430
567 37
567 295
567 56
567 150
567 996
567 51
567 108
567 519
567 306
567 14
567 349
567 387
567 332
567 464
567 267
567 280
567 255
567 802
570 165
570 185
570 538
570 183
570 210
570 195
571 76
571 5
571 13
571 884
571 307
571 333
571 206
571 66
571 7
571 268
571 72
571 53
579 50
579 728
579 519
579 264
579 70
579 9
579 162
579 130
579 208
579 27
579 107
579 384
579 225
579 134
579 183
579 483
579 157
579 138
579 121
579 475
579 99
579 428
579 149
579 136
579 560
579 226
579 282
579 2
579 474
579 350
579 58
579 222
579 68
579 207
582 40
582 508
582 121
582 112
582 49
582 76
582 53
582 74
582 1232
582 58
582 101
582 548
582 553
582 253
582 175
582 20
582 703
582 97
582 756
582 597
582 130
582 210
582 511
582 167
582 604
582 50
582 601
589 167
589 208
589 640
589 676
589 672
589 207
589 679
589 680
589 188
589 190
589 683
589 1096
589 452
589 689
589 475
589 988
589 690
589 187
589 189
589 573
589 516
589 515
589 1133
589 192
592 437
592 76
592 58
592 78
592 164
592 65
592 724
592 151
592 224
592 212
592 2
592 641
592 208
592 834
592 244
592 235
592 1153
592 458
592 26
592 571
592 179
592 549
592 90
592 761
592 69
592 193
592 42
592 751
592 492
592 105
592 51
592 210
592 106
592 165
592 14
592 121
592 753
592 60
592 177
592 50
592 575
592 190
592 109
592 159
592 70
592 540
592 416
592 84
592 136
592 501
592 312
592 63
592 698
592 108
592 5
592 683
592 176
592 385
592 31
592 268
592 511
592 464
592 860
592 13
592 597
592 274
592 413
592 167
592 173
592 633
592 211
592 107
592 130
592 18
592 283
592 54
592 198
592 426
592 789
592 52
592 24
592 400
592 650
592 134
592 123
592 277
592 361
592 1154
592 662
592 779
592 6
592 59
592 28
592 661
592 272
592 152
592 91
592 703
592 261
592 92
592 647
592 102
592 653
592 313
592 111
592 728
592 349
592 1060
592 671
592 333
592 664
592 285
592 100
592 72
592 889
592 759
592 904
592 9
592 648
592 195
592 271
592 325
592 460
592 175
592 609
592 158
592 767
592 824
592 99
592 785
592 116
592 1262
592 250
592 401
592 799
592 490
592 67
592 49
592 140
592 835
592 513
592 756
592 762
592 47
592 475
592 85
592 920
592 784
592 238
592 12
592 265
592 561
592 286
592 96
592 35
592 34
592 218
592 473
592 331
592 141
592 420
592 73
592 301
592 185
592 203
592 300
592 206
592 245
592 101
592 716
592 284
592 81
592 147
592 32
592 656
592 182
592 71
592 278
592 40
592 174
592 233
592 41
592 765
592 132
592 406
592 1182
592 17
592 253
592 77
592 545
592 154
592 3
592 368
592 329
592 455
592 341
592 628
592 299
592 220
592 48
592 801
592 183
592 97
592 649
592 303
592 430
592 56
592 241
592 251
592 997
592 20
592 246
592 297
592 146
592 568
592 780
592 522
592 181
592 980
592 829
592 453
592 171
592 528
592 364
592 440
592 566
592 16
592 95
592 27
592 74
592 291
592 148
592 144
592 8
592 310
592 43
592 197
592 384
592 172
592 83
592 55
592 64
592 669
596 208
596 207
596 167
596 53
596 683
596 644
596 172
596 188
596 192
596 58
596 183
599 683
599 171
599 1096
599 341
599 1010
599 831
599 792
599 776
599 181
599 162
599 845
599 830
599 736
599 1020
599 801
599 865
599 697
599 952
599 179
599 703
599 298
599 664
599 728
599 572
599 208
599 605
599 965
599 180
599 796
599 50
599 614
599 413
599 584
599 207
622 741
622 652
622 785
622 742
622 261
622 123
622 173
622 211
622 806
622 274
622 99
622 478
622 70
622 426
622 678
622 116
622 230
622 81
622 75
622 406
622 52
622 14
622 58
622 455
622 103
622 46
622 521
622 378
622 90
622 860
622 244
622 311
622 388
622 523
622 696
622 47
622 31
622 240
622 421
622 223
622 5
622 224
622 345
622 26
622 38
622 128
622 114
622 698
622 61
622 136
622 170
622 519
622 112
622 1107
622 243
622 130
622 662
622 157
622 162
622 275
622 322
622 371
622 258
622 2
622 79
622 364
622 43
622 27
622 13
622 1058
622 28
622 313
622 9
622 17
622 105
622 236
622 281
622 231
622 321
622 41
622 134
622 278
622 65
622 903
622 919
622 664
622 77
622 222
622 241
622 971
622 21
622 400
622 132
622 64
622 656
622 420
622 37
622 131
622 1155
622 74
622 748
622 146
622 344
622 335
622 85
622 299
622 96
622 48
622 55
622 115
622 140
622 219
622 174
622 53
622 57
637 130
637 516
637 515
637 259
637 1269
637 244
637 58
637 500
637 978
637 50
637 450
637 298
637 609
637 183
637 503
637 6
637 20
637 68
637 53
637 641
637 192
637 81
648 208
648 99
648 98
648 642
648 22
648 451
648 543
648 107
648 341
648 406
648 134
648 53
648 668
648 644
648 138
648 136
648 795
648 50
648 162
648 792
648 112
648 272
648 413
648 184
648 172
648 31
648 6
648 125
648 482
648 662
648 226
648 474
648 10
648 493
648 641
648 55
648 384
648 15
648 58
652 486
652 476
652 171
652 679
652 17
652 361
652 188
652 475
652 184
652 192
668 361
668 388
668 183
668 125
668 178
668 644
668 173
668 210
668 117
668 188
668 679
668 97
668 426
668 58
668 208
668 192
668 652
668 185
668 83
668 253
668 203
668 596
671 240
671 34
671 951
671 123
671 100
671 216
671 71
690 461
690 701
690 13
690 9
690 5
690 403
690 99
690 256
690 65
690 149
690 419
690 704
690 123
690 468
690 107
690 102
690 181
690 100
690 1027
690 454
690 311
690 313
690 413
690 715
690 226
690 678
690 321
690 401
690 664
690 60
690 126
690 14
690 51
690 10
690 206
690 222
690 350
690 50
690 773
690 144
690 621
690 343
690 64
690 420
690 543
690 180
697 207
697 507
697 455
697 166
697 177
697 91
697 185
697 71
697 170
697 373
697 158
697 600
697 76
697 112
697 101
697 50
697 1183
697 573
697 452
697 173
697 22
697 154
697 572
697 171
697 569
697 188
697 53
697 935
697 183
697 6
697 58
697 235
697 644
697 845
697 160
697 528
697 1060
697 74
697 192
697 64
697 180
697 54
697 40
697 920
697 639
697 682
697 15
697 413
697 738
697 651
697 632
697 624
697 649
697 212
697 538
697 174
697 361
697 210
697 132
697 503
697 664
697 689
697 181
697 31
697 565
705 1266
705 960
705 589
705 455
705 359
705 32
705 111
705 58
705 223
705 6
705 5
705 50
705 188
705 1170
705 184
705 13
705 171
705 127
705 854
705 84
705 406
705 179
705 162
705 662
705 543
705 65
705 193
705 41
705 544
705 847
705 577
705 702
705 348
705 643
705 231
705 451
705 704
705 112
705 77
705 125
705 388
705 86
705 486
705 750
705 219
705 709
705 117
705 696
705 301
705 519
705 742
705 17
705 54
705 407
705 1281
705 656
705 129
705 350
705 427
705 173
705 39
705 53
705 567
705 341
706 600
706 58
706 50
706 68
706 191
706 736
706 207
706 341
706 53
706 643
706 121
706 284
706 656
706 181
706 418
706 644
710 721
710 473
710 319
710 58
710 51
710 364
710 860
710 384
710 167
710 34
710 8
710 193
710 56
710 42
710 102
710 59
710 50
710 430
710 78
710 47
710 342
710 101
710 311
710 13
710 288
710 251
710 85
710 100
710 677
710 16
710 281
710 43
710 230
710 463
710 203
710 261
710 125
710 61
710 14
710 416
710 5
710 206
710 123
710 183
710 130
710 324
710 170
710 185
710 272
710 64
710 165
710 65
718 736
718 1055
718 112
718 188
718 162
718 528
718 452
718 180
718 341
718 641
718 413
718 942
718 593
718 543
718 777
718 662
718 573
718 451
718 81
718 179
718 6
718 696
718 715
718 54
718 171
732 188
732 1096
732 692
732 516
732 183
732 476
732 606
732 515
732 208
732 645
732 189
732 97
742 121
742 511
742 669
742 83
742 81
742 58
742 181
742 253
742 50
742 130
742 24
742 76
742 64
742 528
743 35
743 130
743 164
743 101
743 178
743 188
743 455
743 689
743 112
743 165
743 97
743 174
743 185
743 500
743 166
743 121
743 572
743 132
743 244
743 158
744 64
744 384
744 181
744 511
744 633
744 225
744 60
744 34
744 333
744 50
744 174
744 185
744 61
744 261
744 361
744 13
744 272
749 50
749 1185
749 268
749 389
749 102
749 631
749 64
755 516
755 189
755 97
755 185
755 572
755 178
755 188
755 606
755 843
755 476
755 121
755 644
755 192
755 187
755 679
755 183
755 689
758 43
758 15
758 337
758 74
758 87
758 208
758 35
758 23
758 899
758 147
758 766
758 14
758 563
758 222
758 632
758 59
758 18
758 299
758 85
758 5
758 887
758 454
758 241
758 25
758 774
758 29
758 420
758 393
758 463
758 778
758 841
758 805
758 912
758 185
758 278
758 303
758 225
758 641
758 867
758 24
758 297
758 223
758 583
758 400
758 451
758 72
758 971
758 130
758 1189
758 625
758 272
758 286
758 287
758 2
758 560
758 511
758 743
758 268
758 943
758 27
758 1060
758 306
758 756
758 258
758 309
758 177
758 110
758 678
758 333
758 151
758 10
758 530
758 16
758 674
758 677
758 661
758 484
758 144
758 968
758 384
758 100
758 312
758 307
758 60
758 464
758 329
758 294
758 482
758 52
758 150
758 573
758 26
758 9
758 156
758 313
758 19
758 319
758 860
758 68
758 986
758 191
758 1005
758 261
758 667
758 93
758 228
758 545
758 131
758 450
758 300
758 600
758 430
758 310
758 20
758 512
758 461
758 345
758 260
758 95
758 396
758 547
758 622
758 8
758 473
758 1119
758 802
758 134
758 84
758 700
758 492
758 503
758 416
758 105
758 34
758 70
758 523
758 167
758 235
758 751
758 406
758 49
758 102
758 21
758 117
758 672
758 107
758 363
758 501
758 154
758 253
758 302
758 496
758 65
758 57
758 30
758 182
758 149
758 662
758 63
758 157
758 787
758 598
758 254
758 125
758 782
758 281
758 374
758 224
758 369
758 17
758 123
758 32
758 427
758 914
758 407
758 539
758 91
758 282
758 199
758 1220
758 126
758 226
758 83
758 217
758 334
758 96
758 181
758 656
758 78
758 350
758 1056
758 198
758 13
758 1118
758 522
758 597
759 716
759 515
759 6
759 656
759 54
759 606
759 192
759 112
759 662
759 341
759 58
759 767
786 662
786 87
786 330
786 129
786 341
786 351
786 128
786 387
786 42
786 319
786 251
786 60
786 486
786 193
786 233
786 107
786 117
786 282
786 39
786 27
786 523
786 116
786 72
786 365
786 57
786 173
786 371
786 85
786 74
786 47
786 437
786 420
786 364
786 560
786 638
786 78
786 479
786 138
786 220
786 418
786 112
786 98
786 726
786 64
786 132
786 84
786 181
786 301
786 10
786 2
786 206
786 401
786 105
786 162
786 96
786 380
786 291
786 732
786 311
786 144
786 460
786 53
786 413
786 146
786 134
786 416
786 126
786 368
786 767
786 125
786 342
786 9
786 149
786 223
786 400
786 183
786 217
786 184
786 13
786 624
786 268
786 58
786 325
786 281
786 454
786 474
786 111
786 130
786 115
786 264
786 32
786 308
786 656
786 77
786 50
795 400
795 300
795 322
795 56
795 38
795 786
795 464
795 70
795 150
795 748
795 147
795 21
795 100
795 218
795 93
795 123
795 72
795 782
795 18
795 219
795 344
795 77
795 33
795 619
795 52
795 126
805 787
805 216
805 96
805 253
805 427
805 112
805 569
805 17
805 369
805 221
805 485
805 238
805 70
805 477
805 47
805 319
805 28
805 27
805 960
805 60
805 110
805 751
805 63
805 159
805 123
805 21
805 384
805 102
805 131
805 1051
805 93
805 519
805 324
805 590
805 317
805 316
805 51
805 314
805 753
805 218
805 682
805 235
805 636
805 128
805 1040
805 20
805 74
805 744
805 49
805 522
805 68
805 234
805 85
805 66
805 73
805 291
805 392
805 62
805 3
805 250
805 157
805 571
805 1083
805 50
805 1060
805 255
805 703
805 440
805 285
805 483
805 37
805 71
805 14
805 726
805 43
805 786
805 797
805 147
805 241
805 321
805 382
805 254
805 343
805 1103
805 224
805 838
805 225
805 617
805 906
805 9
805 492
805 793
805 130
805 100
805 388
805 230
805 386
805 357
805 72
805 136
805 206
805 281
805 1056
805 229
805 416
805 426
805 546
805 598
805 928
805 65
805 1182
805 553
805 304
805 449
805 761
805 134
805 222
805 16
805 29
806 464
806 56
806 59
806 430
806 60
806 272
806 47
806 6
806 51
806 78
806 52
806 91
806 10
806 293
806 1182
806 98
806 224
806 275
806 253
806 123
806 77
806 107
806 117
806 222
806 115
806 311
806 96
806 283
806 371
806 58
806 216
806 416
806 14
806 70
806 125
806 61
806 112
806 566
806 54
806 675
806 9
806 388
806 42
806 778
806 3
806 129
806 66
806 244
806 590
806 281
806 263
806 21
806 231
806 268
806 523
806 64
806 185
806 342
806 13
806 111
806 669
806 177
806 48
806 50
806 319
806 32
806 100
806 251
806 193
806 17
806 149
806 18
806 130
806 95
806 136
806 114
806 661
825 220
825 1092
825 495
825 13
825 305
825 96
825 123
825 958
825 223
825 476
825 960
825 976
825 919
825 795
825 942
825 981
825 105
825 532
825 639
825 407
825 1118
825 496
825 9
825 644
825 698
827 101
827 166
827 185
827 97
827 207
827 572
827 682
829 59
829 193
829 297
829 83
829 258
829 556
829 112
829 130
829 95
829 259
829 254
829 233
829 307
829 885
829 37
829 154
829 54
829 473
829 287
829 425
829 1025
829 428
829 19
850 78
850 126
850 315
850 2
850 407
850 313
850 134
850 188
850 125
850 85
850 724
850 115
850 81
850 13
850 6
850 366
850 641
850 278
850 53
850 117
850 207
850 301
850 368
850 70
850 84
850 317
850 304
850 406
850 41
850 464
850 58
850 420
850 354
850 281
850 226
850 193
850 222
850 116
850 311
850 77
850 65
850 223
850 17
850 293
850 149
851 167
851 121
851 210
851 203
851 573
851 183
854 935
854 253
854 269
854 141
854 177
854 65
854 193
854 159
854 662
854 218
854 294
854 102
854 384
854 31
854 262
854 64
854 614
854 72
854 160
854 74
854 319
854 491
854 270
854 182
854 73
854 272
854 8
854 374
854 43
854 49
854 175
854 598
854 597
854 208
854 477
854 95
854 241
854 60
854 420
854 313
854 275
854 576
854 58
854 123
854 34
854 130
854 325
854 132
854 220
854 924
854 5
854 248
854 144
854 76
854 20
854 904
854 507
854 422
854 14
854 472
854 134
854 300
854 222
854 295
854 9
854 164
854 121
854 97
854 210
854 261
854 24
854 250
854 251
854 106
854 289
854 519
854 206
854 21
854 70
854 51
854 211
854 47
854 112
854 184
854 116
854 556
854 254
854 16
854 483
854 464
854 156
854 511
854 264
857 196
857 686
857 24
857 80
857 253
857 676
857 473
857 173
857 184
857 121
861 95
861 1293
861 497
861 825
861 460
861 82
861 128
861 184
861 499
861 756
861 218
861 519
861 366
861 166
861 310
861 24
861 764
861 287
861 540
861 183
861 493
861 158
861 163
861 307
861 66
861 233
861 473
861 254
861 526
861 151
861 258
861 606
861 538
877 447
877 181
877 160
877 210
877 259
877 298
877 12
877 108
877 630
877 107
877 184
877 560
877 65
877 572
877 407
877 679
877 95
877 97
877 73
877 789
877 96
877 233
877 144
877 121
877 51
877 526
877 475
877 602
877 900
877 408
877 745
877 149
877 423
877 441
877 115
877 649
877 14
877 529
877 1082
877 134
877 127
877 2
877 474
877 9
877 82
877 246
877 310
877 516
877 24
877 109
877 457
877 591
877 253
877 321
877 366
877 16
877 500
877 628
877 574
877 128
887 1286
887 652
887 738
887 50
887 162
887 168
887 953
887 569
887 125
887 1214
887 53
887 709
887 555
887 330
887 11
887 474
887 364
887 469
887 89
887 117
887 93
887 120
887 769
887 284
887 313
887 613
887 141
887 854
887 437
887 415
887 241
887 42
887 1037
887 642
887 871
887 708
887 730
887 664
887 193
887 916
887 548
887 420
887 96
887 661
887 618
887 1110
887 724
887 17
887 3
887 870
887 207
887 84
887 743
887 375
887 238
887 346
887 208
887 180
887 696
887 841
887 601
887 1233
887 41
887 85
887 2
887 702
887 742
887 418
887 423
887 6
887 371
887 54
887 373
887 55
887 323
887 74
887 543
887 20
887 29
887 1260
887 1297
887 105
887 70
887 36
887 1295
887 728
887 311
887 251
887 230
887 365
887 792
887 14
887 223
887 291
887 523
887 142
887 58
887 318
887 961
887 538
887 235
887 712
887 1272
887 760
887 662
887 460
887 734
887 78
887 1152
887 715
887 718
887 77
887 736
887 544
887 820
887 971
887 115
887 301
887 631
887 114
887 1060
887 116
887 299
887 350
887 351
887 461
887 324
890 9
890 53
890 47
890 203
890 85
890 238
890 212
890 299
890 43
890 261
890 259
890 226
890 78
890 92
890 8
890 385
890 860
890 506
890 220
890 306
890 303
890 430
890 13
890 70
890 115
890 38
890 838
890 422
890 100
890 58
890 351
890 278
890 50
890 282
890 349
890 34
890 64
890 183
890 105
890 223
890 291
890 206
890 309
890 116
890 391
890 387
890 256
890 137
890 419
890 99
890 416
890 96
890 42
890 274
890 333
890 355
890 20
890 150
890 16
890 236
890 420
890 405
890 167
890 266
890 384
890 319
890 491
890 134
890 126
890 125
890 74
890 98
890 353
890 368
890 272
890 37
890 292
890 311
890 300
890 90
891 987
891 310
891 777
891 22
891 298
891 712
891 965
891 611
891 6
891 605
891 543
891 736
891 64
891 1173
894 40
894 829
894 428
894 519
894 580
894 440
894 95
894 686
894 525
894 66
894 195
894 178
894 184
894 603
894 762
894 128
894 108
894 83
894 804
894 1261
894 597
894 556
894 476
894 759
894 123
894 925
894 416
894 109
894 168
894 287
894 524
894 175
894 625
894 159
894 74
894 75
894 151
894 545
894 191
894 839
894 113
894 167
894 12
894 629
894 663
894 499
894 798
894 19
894 146
894 806
894 76
894 246
894 470
894 764
894 789
894 307
894 489
894 425
894 258
894 139
894 130
894 82
894 632
894 598
894 254
894 46
894 508
907 767
907 180
907 149
907 1064
907 894
907 17
907 276
907 330
907 744
907 734
907 210
910 34
910 484
910 188
910 9
910 125
910 662
913 364
913 331
913 123
913 303
913 181
913 9
913 566
913 52
913 64
913 16
913 401
913 21
913 13
913 97
913 633
913 495
913 107
913 508
913 70
913 383
913 453
913 449
913 132
913 74
913 80
913 20
913 5
913 78
913 283
913 72
913 115
913 211
913 519
913 309
913 281
913 263
913 299
913 333
913 17
913 41
913 523
913 85
913 105
917 68
917 341
917 493
917 174
917 91
917 830
917 632
917 40
917 130
917 736
917 101
917 171
917 181
917 28
917 465
917 605
917 182
917 460
917 132
917 600
928 313
928 9
928 42
928 311
928 666
928 658
928 694
928 1133
928 991
928 338
928 75
928 262
928 949
928 97
928 7
928 134
928 67
928 85
928 101
928 509
928 8
928 40
928 64
928 174
928 70
928 72
928 43
928 132
